# Tetrahedron method
       -0.7364853360        0.0000000000
       -0.6768229129        0.0000000000
       -0.6171604897        0.0000000000
       -0.5574980666        0.0000000000
       -0.4978356435        0.0000000000
       -0.4381732203        0.0000000000
       -0.3785107972        0.0000000000
       -0.3188483741        0.0000000000
       -0.2591859509        0.0000000000
       -0.1995235278        0.0000000000
       -0.1398611047        0.0000000000
       -0.0801986815        0.0000000000
       -0.0205362584        0.0000000000
        0.0391261647        0.0000000000
        0.0987885879        0.0000000000
        0.1584510110        0.0000000000
        0.2181134341        0.0000000000
        0.2777758573        0.0783322941
        0.3374382804        0.0763011973
        0.3971007035        0.1680319767
        0.4567631267        0.2316349432
        0.5164255498        0.3062861993
        0.5760879729        0.4163086003
        0.6357503961        0.5513073319
        0.6954128192        0.6790631774
        0.7550752423        0.8373956799
        0.8147376655        1.0514740848
        0.8744000886        1.3160424784
        0.9340625117        1.7989131438
        0.9937249349        2.1933741440
        1.0533873580        2.7997714770
        1.1130497811        3.8768675779
        1.1727122043        4.9161494537
        1.2323746274        7.2646800764
        1.2920370505       10.0557375157
        1.3516994737       12.4650710024
        1.4113618968       13.4905598184
        1.4710243199       11.9957790726
        1.5306867430       15.4291608296
        1.5903491662       14.5715255661
        1.6500115893       10.4306904785
        1.7096740124       16.6933961520
        1.7693364356        9.3749402560
        1.8289988587       18.8702748160
        1.8886612818        7.1850498942
        1.9483237050        8.1868340548
        2.0079861281        5.2467763671
        2.0676485512        6.0860832078
        2.1273109744        7.3911116789
        2.1869733975        5.7122035281
        2.2466358206       11.6915504444
        2.3062982438       12.3834946311
        2.3659606669       12.8623918769
        2.4256230900        9.6726316984
        2.4852855132        9.7694242942
        2.5449479363        6.8030459658
        2.6046103594        5.0493579629
        2.6642727826        4.3684528191
        2.7239352057        4.1732631210
        2.7835976288        2.5110388568
        2.8432600520        1.3019230929
        2.9029224751        1.7474913632
        2.9625848982        1.5059828525
        3.0222473214        1.7092389333
        3.0819097445        1.6474363528
        3.1415721676        1.8113613019
        3.2012345908        1.8283266763
        3.2608970139        1.9996059218
        3.3205594370        2.3082280978
        3.3802218602        4.2806759639
        3.4398842833        5.0557452111
        3.4995467064        3.7119254403
        3.5592091296        3.3709394868
        3.6188715527        3.3542529746
        3.6785339758        4.3474783658
        3.7381963990        7.2099472607
        3.7978588221        9.8705995765
        3.8575212452        4.7175202162
        3.9171836684        8.7996368622
        3.9768460915        6.7642714205
        4.0365085146        7.8406896462
        4.0961709378        7.0952919119
        4.1558333609        3.1187037330
        4.2154957840        0.9866703249
        4.2751582072        6.8908882503
        4.3348206303        6.5675470758
        4.3944830534       10.0884660414
        4.4541454766        6.4966083230
        4.5138078997        0.4420432614
        4.5734703228        0.0000000000
        4.6331327460        0.0000000000
        4.6927951691        0.8529244395
        4.7524575922        6.8484745759
        4.8121200154        6.2849664239
        4.8717824385       10.7002983473
        4.9314448616        0.4200341267
        4.9911072848       13.2384135397
        5.0507697079       18.6541982606
        5.1104321310       22.1252964543
        5.1700945542        9.2416586105
        5.2297569773        2.2063678234
        5.2894194004       10.1858245139
        5.3490818236        1.7304370453
        5.4087442467       19.8552825707
        5.4684066698        0.0000000000
        5.5280690930       14.8636971498
        5.5877315161        2.5512697160
        5.6473939392        0.0000000000
        5.7070563624        1.2666181102
        5.7667187855       16.7617895952
        5.8263812086        0.0000000000
        5.8860436318        6.6386085616
        5.9457060549        8.3707659197
        6.0053684780        0.0000000000
        6.0650309012        0.0000000000
        6.1246933243        0.0000000000
        6.1843557474        0.0000000000
        6.2440181706        5.5773400755
        6.3036805937        0.0000000000
        6.3633430168        0.0000000000
        6.4230054400        0.0000000000
        6.4826678631        0.0000000000
        6.5423302862        0.0000000000
        6.6019927094        0.0000000000
        6.6616551325        0.0000000000
        6.7213175556        0.0000000000
        6.7809799788        0.0000000000
        6.8406424019        0.0000000000
        6.9003048250        0.0000000000
        6.9599672482        6.7971123651
        7.0196296713        4.5842547435
        7.0792920944        6.4642272305
        7.1389545176       10.1361155909
        7.1986169407        6.8247632999
        7.2582793638        2.3385199985
        7.3179417870        7.2260352110
        7.3776042101        2.9683190365
        7.4372666332        9.1262251070
        7.4969290563        7.6446911113
        7.5565914795        6.4707784023
        7.6162539026        6.7824434215
        7.6759163257        9.3660556026
        7.7355787489        7.1346722350
        7.7952411720        1.6223423943
        7.8549035951        3.6071945962
        7.9145660183        4.8267516422
        7.9742284414        5.8416361994
        8.0338908645        4.4873840899
        8.0935532877       14.1912811921
        8.1532157108        3.3269010146
        8.2128781339        4.7813597147
        8.2725405571        8.7653409930
        8.3322029802        0.0000000000
        8.3918654033        0.0000000000
        8.4515278265        0.0000000000
        8.5111902496        0.0000000000
        8.5708526727        0.0000000000
        8.6305150959        0.0000000000
        8.6901775190        0.0000000000
        8.7498399421        0.0000000000
        8.8095023653        0.0000000000
        8.8691647884        0.0000000000
        8.9288272115        0.0000000000
        8.9884896347        0.0000000000
        9.0481520578        0.0000000000
        9.1078144809        0.0000000000
        9.1674769041        0.0000000000
        9.2271393272        0.0000000000
        9.2868017503        0.5538275739
        9.3464641735        2.4542079376
        9.4061265966        4.5725387502
        9.4657890197        3.9330165020
        9.5254514429        5.1000621815
        9.5851138660        0.0000000000
        9.6447762891        0.0000000000
        9.7044387123        0.0000000000
        9.7641011354        0.0000000000
        9.8237635585        1.2542810721
        9.8834259817        8.6050353280
        9.9430884048        5.5983104030
       10.0027508279        0.0000000000
       10.0624132511        9.6076873279
       10.1220756742        6.5342906742
       10.1817380973        1.3372117272
       10.2414005205        0.0000000000
       10.3010629436        0.0000000000
       10.3607253667        0.0000000000
       10.4203877899        0.0000000000
       10.4800502130        0.0000000000
       10.5397126361        0.0000000000
       10.5993750593        0.0000000000
       10.6590374824        0.0000000000
       10.7186999055        0.0000000000
       10.7783623287        0.0000000000
       10.8380247518        0.0000000000
       10.8976871749        0.0000000000
       10.9573495981        0.0000000000
       11.0170120212        0.0000000000
       11.0766744443        0.0000000000
       11.1363368675        0.0000000000
       11.1959992906        0.0000000000
