# Tetrahedron method
       -0.7911825202        0.0000000000
       -0.7302078001        0.0000000000
       -0.6692330800        0.0000000000
       -0.6082583600        0.0000000000
       -0.5472836399        0.0000000000
       -0.4863089198        0.0000000000
       -0.4253341997        0.0000000000
       -0.3643594797        0.0000000000
       -0.3033847596        0.0000000000
       -0.2424100395        0.0000000000
       -0.1814353195        0.0000000000
       -0.1204605994        0.0000000000
       -0.0594858793        0.0000000000
        0.0014888407        0.0000000000
        0.0624635608        0.0000000000
        0.1234382809        0.0000000000
        0.1844130010        0.0000000000
        0.2453877210        0.0194856297
        0.3063624411        0.0640648787
        0.3673371612        0.1424505103
        0.4283118812        0.1767748461
        0.4892866013        0.2394109565
        0.5502613214        0.3280032705
        0.6112360415        0.4244283346
        0.6722107615        0.5446072474
        0.7331854816        0.6754185693
        0.7941602017        0.8369472567
        0.8551349217        1.0287160757
        0.9161096418        1.2828644815
        0.9770843619        1.6357557120
        1.0380590820        2.3280031138
        1.0990338020        2.7049349105
        1.1600085221        3.6687925834
        1.2209832422        4.9314800394
        1.2819579622        7.8635034935
        1.3429326823       12.1516685310
        1.4039074024       16.3088007292
        1.4648821224       10.6029015428
        1.5258568425        8.7678246400
        1.5868315626       15.1239031742
        1.6478062827       14.8779194472
        1.7087810027        9.2195937526
        1.7697557228       14.6986775379
        1.8307304429       13.3110481372
        1.8917051629       10.6303963602
        1.9526798830        8.2603423923
        2.0136546031        5.5155878841
        2.0746293232        5.3282500940
        2.1356040432        4.9202757936
        2.1965787633        5.4803220074
        2.2575534834        8.5261283365
        2.3185282034       10.8358343267
        2.3795029235       10.6933779529
        2.4404776436       10.9516529937
        2.5014523637       10.8547626636
        2.5624270837       11.6667632499
        2.6234018038        6.9662784085
        2.6843765239        4.5891173201
        2.7453512439        4.2857935343
        2.8063259640        3.6168725289
        2.8673006841        1.5401445752
        2.9282754041        1.2241305299
        2.9892501242        1.6710765723
        3.0502248443        1.5083262677
        3.1111995644        1.3815149622
        3.1721742844        1.3208006388
        3.2331490045        1.8150057205
        3.2941237246        1.8504515935
        3.3550984446        2.1020649713
        3.4160731647        2.5398482474
        3.4770478848        4.1830297439
        3.5380226049        5.5764242345
        3.5989973249        4.6028909217
        3.6599720450        3.9898822470
        3.7209467651        4.5094078635
        3.7819214851        6.6854549934
        3.8428962052        5.8786947620
        3.9038709253        6.9023998370
        3.9648456454        9.8364014996
        4.0258203654        2.9984896799
        4.0867950855        4.6528043556
        4.1477698056        7.4831344703
        4.2087445256        4.1489149162
        4.2697192457        1.3905007305
        4.3306939658        4.6150096997
        4.3916686858        7.4785040525
        4.4526434059        1.6405928329
        4.5136181260        6.5868525243
        4.5745928461        8.8022414287
        4.6355675661        0.0000000000
        4.6965422862        0.0000000000
        4.7575170063        0.0000000000
        4.8184917263        6.7385864418
        4.8794664464        3.7039946370
        4.9404411665        6.7096233597
        5.0014158866        8.9746482907
        5.0623906066       19.1687841335
        5.1233653267       18.1684158162
        5.1843400468        6.9251522671
        5.2453147668        1.1787760538
        5.3062894869        8.7414565369
        5.3672642070       31.0832865006
        5.4282389270        0.0000000000
        5.4892136471       11.8284056132
        5.5501883672        0.0000000000
        5.6111630873        0.0000000000
        5.6721378073        0.0000000000
        5.7331125274        0.0000000000
        5.7940872475        0.0000000000
        5.8550619675        0.8964599784
        5.9160366876        7.9522590814
        5.9770114077        0.0000000000
        6.0379861278        0.0000000000
        6.0989608478        0.0000000000
        6.1599355679        0.0000000000
        6.2209102880        0.0000000000
        6.2818850080        0.0000000000
        6.3428597281        0.0000000000
        6.4038344482        0.0000000000
        6.4648091683        0.0000000000
        6.5257838883        0.0000000000
        6.5867586084        0.0000000000
        6.6477333285        0.0000000000
        6.7087080485        0.0000000000
        6.7696827686        0.0000000000
        6.8306574887        8.1093636166
        6.8916322087        9.5903359177
        6.9526069288        0.0000000000
        7.0135816489        0.0000000000
        7.0745563690        0.0000000000
        7.1355310890       10.4121027171
        7.1965058091        7.3519537304
        7.2574805292        6.6888251627
        7.3184552492        4.3165311443
        7.3794299693       30.1800230588
        7.4404046894        4.0292040243
        7.5013794095        8.8630874169
        7.5623541295        4.6899100431
        7.6233288496       10.6467727363
        7.6843035697        7.4807340580
        7.7452782897        7.1501947952
        7.8062530098        2.2031968113
        7.8672277299       11.8898063250
        7.9282024500        1.0106817108
        7.9891771700        0.9667409197
        8.0501518901       12.7652960109
        8.1111266102        4.3575003368
        8.1721013302       12.1265092159
        8.2330760503        0.0000000000
        8.2940507704        1.1863519519
        8.3550254904        7.2990340719
        8.4160002105       10.7378302419
        8.4769749306        0.0000000000
        8.5379496507        0.0000000000
        8.5989243707        0.0000000000
        8.6598990908        0.0000000000
        8.7208738109        0.0000000000
        8.7818485309        0.0000000000
        8.8428232510        0.0000000000
        8.9037979711        0.0000000000
        8.9647726912        0.0000000000
        9.0257474112        0.3588490365
        9.0867221313        1.0473612312
        9.1476968514        2.1013666005
        9.2086715714        5.4615623364
        9.2696462915        6.2468654280
        9.3306210116        0.0000000000
        9.3915957316        0.0000000000
        9.4525704517        0.0000000000
        9.5135451718        0.0000000000
        9.5745198919        0.0000000000
        9.6354946119        0.0000000000
        9.6964693320        0.0000000000
        9.7574440521        0.0000000000
        9.8184187721        0.0000000000
        9.8793934922        6.5366775901
        9.9403682123       15.8612254268
       10.0013429324        1.7507224515
       10.0623176524        7.6792972569
       10.1232923725        7.5637547262
       10.1842670926        0.0000000000
       10.2452418126        5.0901107585
       10.3062165327        9.6746703477
       10.3671912528        1.5915905432
       10.4281659729        0.0000000000
       10.4891406929        0.0000000000
       10.5501154130        0.0000000000
       10.6110901331        0.0000000000
       10.6720648531        0.0000000000
       10.7330395732        0.0000000000
       10.7940142933        0.0000000000
       10.8549890133        0.0000000000
       10.9159637334        0.0000000000
       10.9769384535        0.0000000000
       11.0379131736        0.0000000000
       11.0988878936        0.0000000000
       11.1598626137        0.0000000000
       11.2208373338        0.0000000000
       11.2818120538        0.0000000000
       11.3427867739        0.0000000000
       11.4037614940        0.0000000000
