# Tetrahedron method
       -0.7427076953        0.0000000000
       -0.6788879697        0.0000000000
       -0.6150682441        0.0000000000
       -0.5512485185        0.0000000000
       -0.4874287929        0.0000000000
       -0.4236090673        0.0000000000
       -0.3597893417        0.0000000000
       -0.2959696161        0.0000000000
       -0.2321498905        0.0000000000
       -0.1683301649        0.0000000000
       -0.1045104393        0.0000000000
       -0.0406907137        0.0000000000
        0.0231290119        0.0000000000
        0.0869487375        0.0000000000
        0.1507684631        0.0000000000
        0.2145881887        0.0000000000
        0.2784079143        0.0000000000
        0.3422276399        0.0741768518
        0.4060473655        0.0730871677
        0.4698670911        0.1606363679
        0.5336868167        0.2188094470
        0.5975065423        0.2829468407
        0.6613262679        0.3687583147
        0.7251459935        0.4976961014
        0.7889657191        0.6136702758
        0.8527854447        0.7508861190
        0.9166051703        0.9773858834
        0.9804248959        1.2632142514
        1.0442446215        1.6541803437
        1.1080643471        2.0704827111
        1.1718840727        3.1235174970
        1.2357037983        3.8073488067
        1.2995235239        4.2555711090
        1.3633432495        6.2590435149
        1.4271629751       10.7455154093
        1.4909827007        6.6687498817
        1.5548024263        8.5150527151
        1.6186221519       11.8346353692
        1.6824418775        9.1849129093
        1.7462616031       15.0865485898
        1.8100813287       14.0555463396
        1.8739010543       11.8375258078
        1.9377207799       21.2445508273
        2.0015405055       11.6176320694
        2.0653602311       12.1873591998
        2.1291799567        6.0645109693
        2.1929996823        3.7048024701
        2.2568194079        4.1853384786
        2.3206391335        4.0429308640
        2.3844588591        4.4237586791
        2.4482785847        5.3455176015
        2.5120983103        8.7125853980
        2.5759180359       13.2728121591
        2.6397377615       11.5485915182
        2.7035574870       10.2962376684
        2.7673772126       10.5433722531
        2.8311969382        8.0540635278
        2.8950166638        5.4508187814
        2.9588363894        3.1416021363
        3.0226561150        1.7517131395
        3.0864758406        1.3127435733
        3.1502955662        1.1914406466
        3.2141152918        1.2227577474
        3.2779350174        1.2226607173
        3.3417547430        1.5429696967
        3.4055744686        1.9936824425
        3.4693941942        2.0813277870
        3.5332139198        2.0865573697
        3.5970336454        2.2308508454
        3.6608533710        4.1054776111
        3.7246730966        4.5285250173
        3.7884928222        2.6448382116
        3.8523125478        3.5968461687
        3.9161322734        2.8992730120
        3.9799519990        2.8130136175
        4.0437717246        3.5185912124
        4.1075914502        0.5084721296
        4.1714111758        3.0404095215
        4.2352309014        7.6289157213
        4.2990506270       11.2299324723
        4.3628703526       12.5141255598
        4.4266900782        6.7461283291
        4.4905098038        3.6353367643
        4.5543295294        7.5996102496
        4.6181492550        8.6509233022
        4.6819689806        0.0000000000
        4.7457887062        1.0936571755
        4.8096084318        3.3456316842
        4.8734281574        8.6214558578
        4.9372478830        0.0768299037
        5.0010676086        0.0000000000
        5.0648873342        9.0446777997
        5.1287070598        4.2161102116
        5.1925267854        3.5917839256
        5.2563465110        5.0182541689
        5.3201662366        5.8822830183
        5.3839859622        0.0000000000
        5.4478056878        0.0000000000
        5.5116254134        0.0000000000
        5.5754451390        0.0000000000
        5.6392648646        0.0000000000
        5.7030845902        0.0000000000
        5.7669043158        0.0000000000
        5.8307240414        0.0000000000
        5.8945437670        0.0000000000
        5.9583634926        0.0000000000
        6.0221832182        0.0000000000
        6.0860029438        0.0000000000
        6.1498226694        0.0000000000
        6.2136423950        0.0000000000
        6.2774621206        0.0000000000
        6.3412818462        0.0000000000
        6.4051015717        0.0000000000
        6.4689212973        0.0000000000
        6.5327410229        0.0000000000
        6.5965607485        0.0000000000
        6.6603804741        0.0000000000
        6.7242001997        1.5111695902
        6.7880199253        8.0299847976
        6.8518396509        4.7737376762
        6.9156593765        8.8224035927
        6.9794791021        4.4597188418
        7.0432988277       22.4884682583
        7.1071185533        2.0252678627
        7.1709382789        8.5756734216
        7.2347580045        8.0086716881
        7.2985777301        8.6796392924
        7.3623974557       10.7782270841
        7.4262171813        8.3668567098
        7.4900369069        4.8359212853
        7.5538566325        2.5901694266
        7.6176763581        8.5266726787
        7.6814960837        5.6297201549
        7.7453158093        7.1867856368
        7.8091355349       12.0656500047
        7.8729552605        5.8421789790
        7.9367749861        4.7128845430
        8.0005947117       14.8487501432
        8.0644144373       20.9061954279
        8.1282341629        5.7752464274
        8.1920538885        9.3928095778
        8.2558736141        8.6894746057
        8.3196933397       10.7071016435
        8.3835130653       11.3488405753
        8.4473327909        7.9469043756
        8.5111525165        5.4665933473
        8.5749722421        0.0000000000
        8.6387919677        0.0000000000
        8.7026116933        0.0000000000
        8.7664314189        0.0000000000
        8.8302511445        0.0000000000
        8.8940708701        0.0000000000
        8.9578905957        0.0000000000
        9.0217103213        0.0000000000
        9.0855300469        0.0000000000
        9.1493497725       16.7088592424
        9.2131694981        3.1270575591
        9.2769892237        0.0000000000
        9.3408089493        0.0000000000
        9.4046286749        0.0000000000
        9.4684484005        0.0000000000
        9.5322681261        0.0000000000
        9.5960878517        0.0000000000
        9.6599075773        0.0000000000
        9.7237273029        2.2415935770
        9.7875470285        4.5718173911
        9.8513667541        4.5837721650
        9.9151864797        2.3404306841
        9.9790062053        1.3428331685
       10.0428259308        0.0000000000
       10.1066456564        0.0000000000
       10.1704653820        2.4072778827
       10.2342851076        6.2673383999
       10.2981048332        8.8681868289
       10.3619245588       18.7367043426
       10.4257442844        7.3781991973
       10.4895640100        4.2673630855
       10.5533837356        1.9766723767
       10.6172034612        6.6210809506
       10.6810231868        7.4714192984
       10.7448429124        6.6451809706
       10.8086626380        4.2944095696
       10.8724823636        6.6968343252
       10.9363020892        0.9720631879
       11.0001218148        0.0000000000
       11.0639415404        0.0000000000
       11.1277612660        0.0000000000
       11.1915809916        0.0000000000
       11.2554007172        0.0000000000
       11.3192204428        0.0000000000
       11.3830401684        0.0000000000
       11.4468598940        0.0000000000
       11.5106796196        0.0000000000
       11.5744993452        0.0000000000
       11.6383190708        0.0000000000
       11.7021387964        0.0000000000
       11.7659585220        0.0000000000
       11.8297782476        0.0000000000
       11.8935979732        0.0000000000
       11.9574176988        0.0000000000
       12.0212374244        0.0000000000
