# Tetrahedron method
       -0.7511547899        0.0000000000
       -0.6883928597        0.0000000000
       -0.6256309296        0.0000000000
       -0.5628689995        0.0000000000
       -0.5001070694        0.0000000000
       -0.4373451392        0.0000000000
       -0.3745832091        0.0000000000
       -0.3118212790        0.0000000000
       -0.2490593489        0.0000000000
       -0.1862974188        0.0000000000
       -0.1235354886        0.0000000000
       -0.0607735585        0.0000000000
        0.0019883716        0.0000000000
        0.0647503017        0.0000000000
        0.1275122319        0.0000000000
        0.1902741620        0.0000000000
        0.2530360921        0.0000000000
        0.3157980222        0.0448927590
        0.3785599523        0.0857915200
        0.4413218825        0.1482394084
        0.5040838126        0.2039472410
        0.5668457427        0.2693950720
        0.6296076728        0.3560180644
        0.6923696030        0.4795188284
        0.7551315331        0.5825312052
        0.8178934632        0.7206019611
        0.8806553933        0.8826636835
        0.9434173235        1.1214885981
        1.0061792536        1.4267546950
        1.0689411837        1.9328965628
        1.1317031138        2.3549435833
        1.1944650439        3.0158380359
        1.2572269741        4.2691373387
        1.3199889042        6.7440923303
        1.3827508343       10.1809501209
        1.4455127644        9.8614478082
        1.5082746946       10.6368526849
        1.5710366247        9.5230299891
        1.6337985548        9.0187224187
        1.6965604849       12.5950236669
        1.7593224151       12.2498109505
        1.8220843452       18.5455826589
        1.8848462753       17.0782333039
        1.9476082054       10.1755861210
        2.0103701355       13.3031728466
        2.0731320657        5.6253381720
        2.1358939958        4.4773974914
        2.1986559259        4.1204128170
        2.2614178560        4.3995300716
        2.3241797862        4.8547994481
        2.3869417163        6.3255133509
        2.4497036464        9.8046088629
        2.5124655765       11.4043383952
        2.5752275067        9.4335564187
        2.6379894368       11.1715866322
        2.7007513669       13.4531791067
        2.7635132970        8.8919378228
        2.8262752271        7.1300202619
        2.8890371573        1.4980202027
        2.9517990874        7.1133937312
        3.0145610175        1.5428815258
        3.0773229476        1.3219732463
        3.1400848778        1.2742345721
        3.2028468079        1.2934528356
        3.2656087380        1.6458562858
        3.3283706681        2.0196967716
        3.3911325982        2.1282092340
        3.4538945284        2.0666508365
        3.5166564585        2.2774247245
        3.5794183886        2.8990860718
        3.6421803187        4.9143717082
        3.7049422489        4.5066475827
        3.7677041790        4.0111913111
        3.8304661091        8.3823958650
        3.8932280392        8.1887948800
        3.9559899694        3.5002573381
        4.0187518995        2.8157679198
        4.0815138296        3.3701734108
        4.1442757597        3.0987330518
        4.2070376898        4.3975561586
        4.2697996200        7.5699213022
        4.3325615501        6.3846759826
        4.3953234802        4.9977595627
        4.4580854103        4.6957628683
        4.5208473405        5.3039384449
        4.5836092706        5.4471314015
        4.6463712007        4.6248391910
        4.7091331308        4.6987399580
        4.7718950610        9.1346070815
        4.8346569911        0.0000000000
        4.8974189212        0.0000000000
        4.9601808513        3.6359116078
        5.0229427814        6.0731257581
        5.0857047116        3.1464288895
        5.1484666417       17.4790001153
        5.2112285718        0.7842803116
        5.2739905019       13.0580503499
        5.3367524321        5.1237771927
        5.3995143622        9.6706472680
        5.4622762923        0.0000000000
        5.5250382224        0.0000000000
        5.5878001526        0.0000000000
        5.6505620827        0.0000000000
        5.7133240128        0.0000000000
        5.7760859429        0.0000000000
        5.8388478730        0.0000000000
        5.9016098032        0.0000000000
        5.9643717333        0.0000000000
        6.0271336634        0.0000000000
        6.0898955935        0.0000000000
        6.1526575237        0.0000000000
        6.2154194538        0.0000000000
        6.2781813839        0.0000000000
        6.3409433140        0.0000000000
        6.4037052441        0.0000000000
        6.4664671743        0.0000000000
        6.5292291044        0.0000000000
        6.5919910345        0.0000000000
        6.6547529646        0.0000000000
        6.7175148948        3.1130302956
        6.7802768249        8.3386221945
        6.8430387550        6.5316728597
        6.9058006851        9.2325494901
        6.9685626153       13.4791546009
        7.0313245454        3.8901583038
        7.0940864755        1.0712713348
        7.1568484056        9.0296489100
        7.2196103357       13.2468955601
        7.2823722659        7.7774630445
        7.3451341960        8.0105515135
        7.4078961261        8.1468604033
        7.4706580562        6.4524201413
        7.5334199864        2.1604272310
        7.5961819165       11.9900258886
        7.6589438466        2.9602748791
        7.7217057767       11.5572805826
        7.7844677069        5.4534698957
        7.8472296370       11.0491929865
        7.9099915671        9.5524430055
        7.9727534972       10.1166096444
        8.0355154273        7.3914990501
        8.0982773575        4.9952797154
        8.1610392876        6.9541442298
        8.2238012177        6.2863576182
        8.2865631478        6.0775057797
        8.3493250780        8.5532383861
        8.4120870081        2.1731808403
        8.4748489382        9.3291608288
        8.5376108683        2.5998484655
        8.6003727985        0.0000000000
        8.6631347286        0.0000000000
        8.7258966587        0.0000000000
        8.7886585888        0.0000000000
        8.8514205189        0.0000000000
        8.9141824491        0.0000000000
        8.9769443792        0.0000000000
        9.0397063093        0.0000000000
        9.1024682394        0.0000000000
        9.1652301696        0.0000000000
        9.2279920997        0.0000000000
        9.2907540298        0.0000000000
        9.3535159599        0.0000000000
        9.4162778900        1.8566231444
        9.4790398202        5.6481354532
        9.5418017503        9.0429841223
        9.6045636804        4.7013377419
        9.6673256105        7.8103296202
        9.7300875407        3.0801144488
        9.7928494708        2.1634304480
        9.8556114009        0.0000000000
        9.9183733310        0.0000000000
        9.9811352612        0.0000000000
       10.0438971913        1.4476293591
       10.1066591214        6.6323085549
       10.1694210515       13.7120659577
       10.2321829816        4.8187763783
       10.2949449118        4.5543147409
       10.3577068419        1.2409771295
       10.4204687720        4.4603877099
       10.4832307021        6.3693310533
       10.5459926323        4.1238888208
       10.6087545624        6.5875101062
       10.6715164925        7.0362311382
       10.7342784226        1.9557769168
       10.7970403528        0.0000000000
       10.8598022829        0.0000000000
       10.9225642130        0.0000000000
       10.9853261431        0.0000000000
       11.0480880732        0.0000000000
       11.1108500034        0.0000000000
       11.1736119335        0.0000000000
       11.2363738636        0.0000000000
       11.2991357937        0.0000000000
       11.3618977239        0.0000000000
       11.4246596540        0.0000000000
       11.4874215841        0.0000000000
       11.5501835142        0.0000000000
       11.6129454444        0.0000000000
       11.6757073745        0.0000000000
       11.7384693046        0.0000000000
       11.8012312347        0.0000000000
