# Tetrahedron method
       -0.6247902046        0.0000000000
       -0.5699744018        0.0000000000
       -0.5151585990        0.0000000000
       -0.4603427962        0.0000000000
       -0.4055269934        0.0000000000
       -0.3507111906        0.0000000000
       -0.2958953878        0.0000000000
       -0.2410795850        0.0000000000
       -0.1862637822        0.0000000000
       -0.1314479794        0.0000000000
       -0.0766321766        0.0000000000
       -0.0218163737        0.0000000000
        0.0329994291        0.0000000000
        0.0878152319        0.0000000000
        0.1426310347        0.0000000000
        0.1974468375        0.0000000000
        0.2522626403        0.0000000000
        0.3070784431        0.0518674779
        0.3618942459        0.1296337999
        0.4167100487        0.1859023084
        0.4715258515        0.2485300921
        0.5263416543        0.3289128559
        0.5811574571        0.4430542889
        0.6359732599        0.5635869451
        0.6907890627        0.6848505597
        0.7456048655        0.8526194494
        0.8004206683        1.0290873536
        0.8552364711        1.2685515823
        0.9100522739        1.5872673155
        0.9648680767        2.1728023002
        1.0196838795        3.2888814324
        1.0744996823        3.6518488211
        1.1293154851        4.7158550605
        1.1841312879        6.5101606913
        1.2389470908        9.2509024765
        1.2937628936       10.0825292795
        1.3485786964       13.6605995249
        1.4033944992       15.0632582101
        1.4582103020       12.1327584052
        1.5130261048       15.9315182218
        1.5678419076       16.6980466182
        1.6226577104       18.1089787968
        1.6774735132       14.3662552741
        1.7322893160       11.5746684451
        1.7871051188       16.5948066982
        1.8419209216       10.2563859463
        1.8967367244        3.6499321974
        1.9515525272        5.1418504722
        2.0063683300        4.4421994822
        2.0611841328        5.4796229457
        2.1159999356        8.4946706597
        2.1708157384       12.9012677828
        2.2256315412       16.1578514018
        2.2804473440       12.2042265189
        2.3352631468       10.3977359331
        2.3900789496       10.7969652083
        2.4448947525        5.3273993895
        2.4997105553        3.7241416127
        2.5545263581        5.4142525577
        2.6093421609        6.8312661254
        2.6641579637        1.6264631317
        2.7189737665        1.2862544999
        2.7737895693        1.2243079257
        2.8286053721        1.4397176973
        2.8834211749        1.2751460617
        2.9382369777        1.3904631940
        2.9930527805        1.5401193727
        3.0478685833        1.5837297832
        3.1026843861        1.6285626096
        3.1575001889        1.5820186907
        3.2123159917        1.6978252133
        3.2671317945        1.7394824058
        3.3219475973        3.1339214808
        3.3767634001        3.1394720709
        3.4315792029        3.3150606353
        3.4863950057        3.4705112226
        3.5412108085        3.9863244078
        3.5960266113        5.7428459125
        3.6508424141        4.7407277018
        3.7056582170        4.8818108272
        3.7604740198       13.7070339106
        3.8152898226        9.2609339345
        3.8701056254        6.6561031053
        3.9249214282       10.3180859342
        3.9797372310        4.9676867391
        4.0345530338        2.7548045785
        4.0893688366        1.2636795219
        4.1441846394        4.6066724922
        4.1990004422       14.5472649348
        4.2538162450        6.8265074123
        4.3086320478        3.4226042920
        4.3634478506        4.1526169275
        4.4182636534        3.5373744601
        4.4730794562        0.8484410335
        4.5278952590        0.0000000000
        4.5827110618        1.0273711415
        4.6375268646       26.9363404066
        4.6923426674        8.1229227472
        4.7471584702        6.1606268485
        4.8019742730        5.6324529311
        4.8567900758       15.1569530578
        4.9116058786       11.4128786519
        4.9664216815       22.1800131650
        5.0212374843       17.7770498619
        5.0760532871       19.4266470689
        5.1308690899        5.7131988972
        5.1856848927       13.3038209980
        5.2405006955       17.8540127032
        5.2953164983       28.9316213267
        5.3501323011        4.5931284532
        5.4049481039       15.2263530257
        5.4597639067       12.2952438354
        5.5145797095        6.0750950207
        5.5693955123       19.2666826516
        5.6242113151        5.3881616035
        5.6790271179        0.0000000000
        5.7338429207        0.0000000000
        5.7886587235       16.4147502668
        5.8434745263        7.4069381486
        5.8982903291        0.2817692295
        5.9531061319       32.5396074979
        6.0079219347        3.8665269453
        6.0627377375        0.0000000000
        6.1175535403        0.0000000000
        6.1723693431        0.0000000000
        6.2271851460        0.0000000000
        6.2820009488        0.0000000000
        6.3368167516        0.0000000000
        6.3916325544        0.0000000000
        6.4464483572        0.0000000000
        6.5012641600        0.0000000000
        6.5560799628        0.0000000000
        6.6108957656        0.0000000000
        6.6657115684        0.0000000000
        6.7205273712        0.0000000000
        6.7753431740        0.0000000000
        6.8301589768        0.0000000000
        6.8849747796        0.0000000000
        6.9397905824        0.0000000000
        6.9946063852        6.5924271540
        7.0494221880       22.6014771889
        7.1042379908        0.0000000000
        7.1590537936        0.0000000000
        7.2138695964        1.1011389828
        7.2686853992        3.5857981107
        7.3235012020       14.5577989478
        7.3783170048       15.5295958255
        7.4331328076       10.6399704150
        7.4879486105        8.6213508230
        7.5427644133        9.3480608759
        7.5975802161        4.5521563952
        7.6523960189        0.9051736202
        7.7072118217        3.1429757531
        7.7620276245        5.5770415347
        7.8168434273        6.5582484536
        7.8716592301        2.4530726201
        7.9264750329        0.0000000000
        7.9812908357        0.0000000000
        8.0361066385        0.0000000000
        8.0909224413        0.0000000000
        8.1457382441        0.0000000000
        8.2005540469        0.0000000000
        8.2553698497        4.9060308942
        8.3101856525       10.4723897579
        8.3650014553        5.3919539662
        8.4198172581        0.0000000000
        8.4746330609        0.0000000000
        8.5294488637        0.0000000000
        8.5842646665        0.0000000000
        8.6390804693        0.0000000000
        8.6938962722        0.0000000000
        8.7487120750        0.0000000000
        8.8035278778        0.0000000000
        8.8583436806        0.0000000000
        8.9131594834        0.0000000000
        8.9679752862        0.0000000000
        9.0227910890        0.0000000000
        9.0776068918        0.0000000000
        9.1324226946        0.0000000000
        9.1872384974        0.0000000000
        9.2420543002        0.0000000000
        9.2968701030        0.0000000000
        9.3516859058        9.4913271081
        9.4065017086       10.1648784815
        9.4613175114        0.0000000000
        9.5161333142        0.0000000000
        9.5709491170        0.0000000000
        9.6257649198        0.0000000000
        9.6805807226        0.0000000000
        9.7353965254        0.0000000000
        9.7902123282        0.0000000000
        9.8450281310        0.0000000000
        9.8998439338        0.0000000000
        9.9546597367        0.0000000000
       10.0094755395        0.0000000000
       10.0642913423        0.0000000000
       10.1191071451        0.0000000000
       10.1739229479        0.0000000000
       10.2287387507        0.0000000000
       10.2835545535        0.0000000000
       10.3383703563        0.0000000000
