# Tetrahedron method
       -0.7041944746        0.0000000000
       -0.6392015250        0.0000000000
       -0.5742085754        0.0000000000
       -0.5092156258        0.0000000000
       -0.4442226762        0.0000000000
       -0.3792297266        0.0000000000
       -0.3142367770        0.0000000000
       -0.2492438274        0.0000000000
       -0.1842508778        0.0000000000
       -0.1192579282        0.0000000000
       -0.0542649786        0.0000000000
        0.0107279710        0.0000000000
        0.0757209206        0.0000000000
        0.1407138702        0.0000000000
        0.2057068198        0.0000000000
        0.2706997694        0.0000000000
        0.3356927190        0.0000000000
        0.4006856686        0.0580437025
        0.4656786182        0.1341286291
        0.5306715678        0.1791733560
        0.5956645174        0.2307057997
        0.6606574670        0.2856258878
        0.7256504166        0.3493757637
        0.7906433662        0.4569953453
        0.8556363159        0.5583281563
        0.9206292655        0.6709883177
        0.9856222151        0.8030004386
        1.0506151647        0.9616510597
        1.1156081143        1.1695378254
        1.1806010639        1.4350433616
        1.2455940135        1.8701203046
        1.3105869631        2.1540000426
        1.3755799127        2.8371317728
        1.4405728623        3.4445604906
        1.5055658119        4.7158044953
        1.5705587615        7.7559965668
        1.6355517111       10.8799736157
        1.7005446607       13.2375471840
        1.7655376103        7.4980753670
        1.8305305599       11.2787221817
        1.8955235095       14.8876331552
        1.9605164591       14.7628213196
        2.0255094087       14.3980027367
        2.0905023583        6.9553648815
        2.1554953079       11.8564948316
        2.2204882575        8.6548843333
        2.2854812071        4.7184331901
        2.3504741567        3.3415469650
        2.4154671063        3.7777063477
        2.4804600559        3.5030805878
        2.5454530055        3.7563397488
        2.6104459551        4.9671138280
        2.6754389047       12.6712666908
        2.7404318543       15.3497841885
        2.8054248039       12.3722969359
        2.8704177535       12.8186075513
        2.9354107031       10.1708712965
        3.0004036527        6.1355563527
        3.0653966024        1.9822096411
        3.1303895520        1.3580599571
        3.1953825016        1.1164407710
        3.2603754512        1.1677597893
        3.3253684008        1.2009967466
        3.3903613504        1.5094633314
        3.4553543000        1.4054208451
        3.5203472496        1.6883251596
        3.5853401992        2.0823004234
        3.6503331488        2.1653606785
        3.7153260984        3.3329546867
        3.7803190480        3.6482274712
        3.8453119976        3.7418781191
        3.9103049472        0.0000000000
        3.9752978968        0.0000000000
        4.0402908464        0.0000000000
        4.1052837960        1.2541681865
        4.1702767456        2.6429566515
        4.2352696952        4.1299258400
        4.3002626448        6.6153609161
        4.3652555944       11.8472375236
        4.4302485440       14.5622739148
        4.4952414936       11.5427353981
        4.5602344432        3.6761427568
        4.6252273928        1.6607052465
        4.6902203424       23.8052484706
        4.7552132920       21.5112013163
        4.8202062416        2.7274446627
        4.8851991912        0.0000000000
        4.9501921408        0.0000000000
        5.0151850904        0.0000000000
        5.0801780400        0.0000000000
        5.1451709896        0.0000000000
        5.2101639392        0.0000000000
        5.2751568889        0.0000000000
        5.3401498385        0.0000000000
        5.4051427881        0.0000000000
        5.4701357377        0.0000000000
        5.5351286873        0.0000000000
        5.6001216369        0.0000000000
        5.6651145865        0.0000000000
        5.7301075361        0.0000000000
        5.7951004857        0.0000000000
        5.8600934353        0.0000000000
        5.9250863849        0.0000000000
        5.9900793345        0.0000000000
        6.0550722841        0.0000000000
        6.1200652337        0.0000000000
        6.1850581833        0.0000000000
        6.2500511329        0.0000000000
        6.3150440825        0.0000000000
        6.3800370321        0.0000000000
        6.4450299817        0.0000000000
        6.5100229313        0.0000000000
        6.5750158809        0.0000000000
        6.6400088305        0.0000000000
        6.7050017801        0.0000000000
        6.7699947297        2.4915486658
        6.8349876793        2.4022014078
        6.8999806289        3.0433692671
        6.9649735785        7.6696654742
        7.0299665281        9.1095642035
        7.0949594777       12.4929038453
        7.1599524273       10.8565286016
        7.2249453769       15.0541066267
        7.2899383265        9.9455630843
        7.3549312761        8.4385038589
        7.4199242258        7.3249233597
        7.4849171754        8.7804290629
        7.5499101250        7.2964842179
        7.6149030746       14.5889444575
        7.6798960242        1.1064816164
        7.7448889738       12.6931472085
        7.8098819234        7.0289404590
        7.8748748730       10.4743610410
        7.9398678226        9.1235000214
        8.0048607722        8.1182702639
        8.0698537218       11.1820021769
        8.1348466714       14.5061200484
        8.1998396210        9.7588796188
        8.2648325706        9.0698471292
        8.3298255202       10.9995957410
        8.3948184698        9.7639231284
        8.4598114194        4.9562941996
        8.5248043690        3.2429677060
        8.5897973186        0.0000000000
        8.6547902682        0.0000000000
        8.7197832178        0.0000000000
        8.7847761674        0.0000000000
        8.8497691170        0.0000000000
        8.9147620666        0.0000000000
        8.9797550162        0.0000000000
        9.0447479658        0.0000000000
        9.1097409154        0.0000000000
        9.1747338650        0.0000000000
        9.2397268146        3.8297618899
        9.3047197642       18.8762153963
        9.3697127138        5.9511214354
        9.4347056634        4.7640502194
        9.4996986130        0.0000000000
        9.5646915626        0.0000000000
        9.6296845123        0.0000000000
        9.6946774619        0.0000000000
        9.7596704115        0.0000000000
        9.8246633611        0.0000000000
        9.8896563107        0.0000000000
        9.9546492603        0.0000000000
       10.0196422099        0.0000000000
       10.0846351595        0.0000000000
       10.1496281091        0.0000000000
       10.2146210587        0.0000000000
       10.2796140083        0.0000000000
       10.3446069579       14.5502998530
       10.4095999075       18.1760288698
       10.4745928571        9.3119488427
       10.5395858067       13.3143867837
       10.6045787563        6.9473955799
       10.6695717059        1.2909584478
       10.7345646555        2.5250278261
       10.7995576051        7.9755916892
       10.8645505547        3.6229503567
       10.9295435043        3.6244463357
       10.9945364539        3.8485044051
       11.0595294035        4.8260498956
       11.1245223531        1.0978356572
       11.1895153027        0.3682398869
       11.2545082523        0.0000000000
       11.3195012019        0.0000000000
       11.3844941515        0.0000000000
       11.4494871011        0.0000000000
       11.5144800507        0.0000000000
       11.5794730003        0.0000000000
       11.6444659499        0.0000000000
       11.7094588995        0.0000000000
       11.7744518491        0.0000000000
       11.8394447988        0.0000000000
       11.9044377484        0.0000000000
       11.9694306980        0.0000000000
       12.0344236476        0.0000000000
       12.0994165972        0.0000000000
       12.1644095468        0.0000000000
       12.2294024964        0.0000000000
       12.2943954460        0.0000000000
