# Tetrahedron method
       -0.7308535039        0.0000000000
       -0.6723557141        0.0000000000
       -0.6138579243        0.0000000000
       -0.5553601345        0.0000000000
       -0.4968623447        0.0000000000
       -0.4383645549        0.0000000000
       -0.3798667651        0.0000000000
       -0.3213689753        0.0000000000
       -0.2628711855        0.0000000000
       -0.2043733957        0.0000000000
       -0.1458756059        0.0000000000
       -0.0873778162        0.0000000000
       -0.0288800264        0.0000000000
        0.0296177634        0.0000000000
        0.0881155532        0.0000000000
        0.1466133430        0.0000000000
        0.2051111328        0.0000000000
        0.2636089226        0.0635307763
        0.3221067124        0.0712185875
        0.3806045022        0.1586045940
        0.4391022920        0.2225649835
        0.4976000818        0.2945658779
        0.5560978716        0.3920722113
        0.6145956613        0.5241009211
        0.6730934511        0.6478618080
        0.7315912409        0.8015268428
        0.7900890307        0.9771442902
        0.8485868205        1.2169492819
        0.9070846103        1.5185129614
        0.9655824001        2.1318144247
        1.0240801899        2.4959816664
        1.0825779797        3.2692406825
        1.1410757695        4.3504622311
        1.1995735593        5.9596953312
        1.2580713491        8.9096766998
        1.3165691388       11.6180403471
        1.3750669286       16.1082911027
        1.4335647184       13.3001047093
        1.4920625082       13.6035968496
        1.5505602980       14.5713942539
        1.6090580878       16.1363267815
        1.6675558776       15.9470645483
        1.7260536674       12.1308251773
        1.7845514572       17.6477685994
        1.8430492470       10.7337366276
        1.9015470368        7.4441567633
        1.9600448266        4.3441850987
        2.0185426164        5.2472496780
        2.0770404061        5.4897817114
        2.1355381959        8.5590967693
        2.1940359857       12.2108069370
        2.2525337755       11.6536649019
        2.3110315653       10.1324160524
        2.3695293551        9.6214534298
        2.4280271449        9.8240407009
        2.4865249347        5.4346819155
        2.5450227245        4.0333107035
        2.6035205143        6.2495157438
        2.6620183041        4.4976207597
        2.7205160939        2.2354847389
        2.7790138836        1.2811045805
        2.8375116734        1.3192741210
        2.8960094632        1.5673964551
        2.9545072530        1.3944507166
        3.0130050428        1.5995660581
        3.0715028326        1.6145828444
        3.1300006224        1.7237618674
        3.1884984122        1.7545830934
        3.2469962020        2.0362730278
        3.3054939918        1.9236245914
        3.3639917816        3.8613031790
        3.4224895714        3.7717361648
        3.4809873612        4.6020284536
        3.5394851509        4.9705862508
        3.5979829407        5.2263961141
        3.6564807305        6.3116827992
        3.7149785203        3.7572341300
        3.7734763101        9.2892647453
        3.8319740999       11.2682357574
        3.8904718897        5.8373617033
        3.9489696795        4.9634490998
        4.0074674693        6.3076239305
        4.0659652591        5.4438231380
        4.1244630489        2.7638177699
        4.1829608387        4.0922444120
        4.2414586284       12.8528601244
        4.2999564182        0.5200340533
        4.3584542080        1.6333388653
        4.4169519978        4.5246313744
        4.4754497876        4.2077901960
        4.5339475774        6.8806727528
        4.5924453672        0.0000000000
        4.6509431570        0.0000000000
        4.7094409468       20.1275330910
        4.7679387366        7.4176030450
        4.8264365264        4.4078729835
        4.8849343162       13.4320687004
        4.9434321060       25.3785608907
        5.0019298957       19.5278815368
        5.0604276855       11.9706178510
        5.1189254753        9.3846495625
        5.1774232651       24.2307053998
        5.2359210549       19.5763647350
        5.2944188447       12.9474478835
        5.3529166345       17.4436728420
        5.4114144243        4.8624189050
        5.4699122141       21.5450174158
        5.5284100039       13.4993433566
        5.5869077937        0.0576614218
        5.6454055835        0.0000000000
        5.7039033732        0.0000000000
        5.7624011630        0.0000000000
        5.8208989528        5.1085843685
        5.8793967426        7.9726733238
        5.9378945324        1.9030440179
        5.9963923222        0.0000000000
        6.0548901120        0.0000000000
        6.1133879018        0.0000000000
        6.1718856916        7.8638314141
        6.2303834814        0.0000000000
        6.2888812712        0.0000000000
        6.3473790610        0.0000000000
        6.4058768507        0.0000000000
        6.4643746405        0.0000000000
        6.5228724303        0.0000000000
        6.5813702201        0.0000000000
        6.6398680099        0.0000000000
        6.6983657997        0.0000000000
        6.7568635895        0.0000000000
        6.8153613793        0.0000000000
        6.8738591691        0.0000000000
        6.9323569589        0.0000000000
        6.9908547487        1.9695803342
        7.0493525385        9.2831915272
        7.1078503283        5.8238221022
        7.1663481180        0.5244031948
        7.2248459078        6.9645731877
        7.2833436976        7.1225838414
        7.3418414874        2.4995514652
        7.4003392772        7.2344359253
        7.4588370670        9.6142078677
        7.5173348568       11.1156635109
        7.5758326466        8.6423108602
        7.6343304364        6.5901716580
        7.6928282262        9.9294947896
        7.7513260160        9.1232876702
        7.8098238058        0.0000000000
        7.8683215955        0.0000000000
        7.9268193853        0.0000000000
        7.9853171751        0.0000000000
        8.0438149649        5.2644737942
        8.1023127547        8.3592480029
        8.1608105445        2.5895700230
        8.2193083343        0.9741279172
        8.2778061241       14.2302416043
        8.3363039139        0.0000000000
        8.3948017037        0.0000000000
        8.4532994935        0.0000000000
        8.5117972833        0.0000000000
        8.5702950731        0.0000000000
        8.6287928628        0.0000000000
        8.6872906526        0.0000000000
        8.7457884424        0.0000000000
        8.8042862322        0.0000000000
        8.8627840220        0.0000000000
        8.9212818118        0.0000000000
        8.9797796016        0.0000000000
        9.0382773914        0.0000000000
        9.0967751812        0.0000000000
        9.1552729710        0.8345667641
        9.2137707608        4.2475576457
        9.2722685506        3.7224708083
        9.3307663403        3.7042011276
        9.3892641301        4.9587693175
        9.4477619199        0.0000000000
        9.5062597097        0.0000000000
        9.5647574995        0.0000000000
        9.6232552893        0.0000000000
        9.6817530791        0.0000000000
        9.7402508689        0.0000000000
        9.7987486587        0.0000000000
        9.8572464485        0.0000000000
        9.9157442383       13.9835129454
        9.9742420281        2.8808955920
       10.0327398178        0.0000000000
       10.0912376076        0.0000000000
       10.1497353974        0.0000000000
       10.2082331872        0.0000000000
       10.2667309770        0.0000000000
       10.3252287668        0.0000000000
       10.3837265566        0.0000000000
       10.4422243464        0.0000000000
       10.5007221362        0.0000000000
       10.5592199260        0.0000000000
       10.6177177158        0.0000000000
       10.6762155056        0.0000000000
       10.7347132954        0.0000000000
       10.7932110851        0.0000000000
       10.8517088749        0.0000000000
       10.9102066647        0.0000000000
       10.9687044545        0.0000000000
