# Tetrahedron method
       -0.4747031338        0.0000000000
       -0.4306348129        0.0000000000
       -0.3865664921        0.0000000000
       -0.3424981713        0.0000000000
       -0.2984298504        0.0000000000
       -0.2543615296        0.0000000000
       -0.2102932087        0.0000000000
       -0.1662248879        0.0000000000
       -0.1221565671        0.0000000000
       -0.0780882462        0.0000000000
       -0.0340199254        0.0000000000
        0.0100483955        0.0000000000
        0.0541167163        0.0000000000
        0.0981850372        0.0000000000
        0.1422533580        0.0000000000
        0.1863216788        0.0000000000
        0.2303899997        0.0000000000
        0.2744583205        0.0801898392
        0.3185266414        0.1092443595
        0.3625949622        0.2301697661
        0.4066632830        0.2941378202
        0.4507316039        0.3587011843
        0.4947999247        0.4361120934
        0.5388682456        0.5234787785
        0.5829365664        0.6575228697
        0.6270048873        0.7822813331
        0.6710732081        0.9200467548
        0.7151415289        1.0849638306
        0.7592098498        1.2795037770
        0.8032781706        1.5100907805
        0.8473464915        1.8038666569
        0.8914148123        2.3967185711
        0.9354831331        2.6771641258
        0.9795514540        3.3077795521
        1.0236197748        4.0958176718
        1.0676880957        5.4431286277
        1.1117564165        7.9382375760
        1.1558247374        9.1656920095
        1.1998930582        8.8633665387
        1.2439613790        7.6475562983
        1.2880296999       11.3467933613
        1.3320980207       15.5709489673
        1.3761663416       14.0163211325
        1.4202346624       13.3801615450
        1.4643029832       16.7746486199
        1.5083713041       18.4014588442
        1.5524396249       16.8212690465
        1.5965079458       18.4506874112
        1.6405762666       16.6101221122
        1.6846445875       12.8209127758
        1.7287129083       11.2984715917
        1.7727812291        4.3011356571
        1.8168495500        4.1510370756
        1.8609178708        4.1571489512
        1.9049861917        3.9497165294
        1.9490545125        4.1978334855
        1.9931228333        5.7195043054
        2.0371911542       10.4855771883
        2.0812594750        9.3264497449
        2.1253277959       12.7010752031
        2.1693961167       16.0575814177
        2.2134644376       13.2496390465
        2.2575327584       11.8227129372
        2.3016010792       11.0347994994
        2.3456694001        9.4192125600
        2.3897377209        5.6754457122
        2.4338060418        2.2454346221
        2.4778743626        3.4207467089
        2.5219426834        1.4021706000
        2.5660110043        1.2979151414
        2.6100793251        1.1805019952
        2.6541476460        1.2860666977
        2.6982159668        1.1824393541
        2.7422842877        1.1018208286
        2.7863526085        1.0682822567
        2.8304209293        1.0402396175
        2.8744892502        1.1980740489
        2.9185575710        1.2166724130
        2.9626258919        1.2831996814
        3.0066942127        1.3563050312
        3.0507625335        1.4193223725
        3.0948308544        1.4963964429
        3.1388991752        2.2896350685
        3.1829674961        2.1241134409
        3.2270358169        2.5650827542
        3.2711041378        2.5019287722
        3.3151724586        2.7977490761
        3.3592407794        3.0424963318
        3.4033091003        3.1251908255
        3.4473774211        3.1037998836
        3.4914457420        3.5956273148
        3.5355140628        3.2905480712
        3.5795823836        5.4740148263
        3.6236507045        5.5079092708
        3.6677190253        4.4069836993
        3.7117873462        5.8875886328
        3.7558556670        7.2687162096
        3.7999239879        9.1142783403
        3.8439923087        8.9485119076
        3.8880606295       11.0488294723
        3.9321289504        9.7291387103
        3.9761972712        7.7958059159
        4.0202655921        1.3187327605
        4.0643339129        4.5661666416
        4.1084022337       10.4946209527
        4.1524705546        8.6512881375
        4.1965388754        6.7189423417
        4.2406071963        4.4484327051
        4.2846755171        3.7010734309
        4.3287438379        1.0884962189
        4.3728121588        0.0000000000
        4.4168804796        0.0000000000
        4.4609488005        0.0000000000
        4.5050171213        0.0000000000
        4.5490854422        0.0000000000
        4.5931537630       12.8017917259
        4.6372220838       10.6735831735
        4.6812904047       11.0524636274
        4.7253587255        7.3195319909
        4.7694270464        2.1154510063
        4.8134953672        8.4066378843
        4.8575636880       18.2385847586
        4.9016320089       13.7377964528
        4.9457003297        5.0725618013
        4.9897686506       10.9159741964
        5.0338369714       44.2430271832
        5.0779052923       36.9242096551
        5.1219736131       15.2179968777
        5.1660419339       38.5489566569
        5.2101102548       12.2447293085
        5.2541785756       15.6361887675
        5.2982468965       10.3034121860
        5.3423152173       16.1136173288
        5.3863835381       24.3683542295
        5.4304518590        8.5234668876
        5.4745201798       20.5180403901
        5.5185885007       19.7286562147
        5.5626568215        4.2242502037
        5.6067251424        7.1645016787
        5.6507934632        7.7349610818
        5.6948617840       11.8789548911
        5.7389301049       10.4200235447
        5.7829984257        8.7224328849
        5.8270667466        1.5756825399
        5.8711350674        0.0000000000
        5.9152033882        0.0000000000
        5.9592717091        0.0000000000
        6.0033400299        0.0000000000
        6.0474083508        0.0000000000
        6.0914766716        0.0000000000
        6.1355449925        0.0000000000
        6.1796133133        0.0000000000
        6.2236816341        0.0000000000
        6.2677499550        0.0000000000
        6.3118182758        0.0000000000
        6.3558865967        0.0000000000
        6.3999549175        0.0000000000
        6.4440232383        0.0000000000
        6.4880915592        0.0000000000
        6.5321598800        0.0000000000
        6.5762282009        0.0000000000
        6.6202965217        0.0000000000
        6.6643648426        0.0000000000
        6.7084331634        0.0000000000
        6.7525014842        0.0000000000
        6.7965698051        0.0000000000
        6.8406381259        0.0000000000
        6.8847064468        0.0000000000
        6.9287747676        0.0000000000
        6.9728430884        0.0000000000
        7.0169114093        0.0000000000
        7.0609797301        0.0000000000
        7.1050480510        0.0000000000
        7.1491163718        5.8193594896
        7.1931846927       12.6798592121
        7.2372530135       18.5304408638
        7.2813213343       22.7793153765
        7.3253896552       13.2228291765
        7.3694579760       14.8865285780
        7.4135262969        9.6666647256
        7.4575946177        8.1374324597
        7.5016629385        8.2455414394
        7.5457312594       10.3443836995
        7.5897995802       13.4919333479
        7.6338679011        0.0000000000
        7.6779362219        0.0000000000
        7.7220045428        0.0000000000
        7.7660728636        0.0000000000
        7.8101411844        0.0000000000
        7.8542095053        0.0000000000
        7.8982778261        0.0000000000
        7.9423461470        0.0000000000
        7.9864144678        0.0000000000
        8.0304827886        0.0000000000
        8.0745511095        0.0000000000
        8.1186194303        0.0000000000
        8.1626877512        0.0000000000
        8.2067560720        0.0000000000
        8.2508243929        0.0000000000
        8.2948927137        0.0000000000
        8.3389610345        0.0000000000
