# Tetrahedron method
       -0.7780222364        0.0000000000
       -0.7160780807        0.0000000000
       -0.6541339249        0.0000000000
       -0.5921897692        0.0000000000
       -0.5302456135        0.0000000000
       -0.4683014577        0.0000000000
       -0.4063573020        0.0000000000
       -0.3444131463        0.0000000000
       -0.2824689905        0.0000000000
       -0.2205248348        0.0000000000
       -0.1585806791        0.0000000000
       -0.0966365233        0.0000000000
       -0.0346923676        0.0000000000
        0.0272517881        0.0000000000
        0.0891959439        0.0000000000
        0.1511400996        0.0000000000
        0.2130842553        0.0000000000
        0.2750284111        0.0578971496
        0.3369725668        0.0680447864
        0.3989167225        0.1647443672
        0.4608608783        0.2040638347
        0.5228050340        0.2706857440
        0.5847491897        0.3721823994
        0.6466933455        0.5922299238
        0.7086375012        0.6056278705
        0.7705816569        0.7579239633
        0.8325258127        0.9445729083
        0.8944699684        1.1902354407
        0.9564141241        1.5244715715
        1.0183582799        2.0115545868
        1.0803024356        2.4824362776
        1.1422465913        3.3630174152
        1.2041907471        4.7276673438
        1.2661349028        6.3651338821
        1.3280790585        8.0514050649
        1.3900232143       11.2825738167
        1.4519673700       11.2408419924
        1.5139115257       16.9102695235
        1.5758556815       12.2149165395
        1.6377998372       12.8167845561
        1.6997439929       15.8628031887
        1.7616881487       11.1369832450
        1.8236323044       12.5260489740
        1.8855764601       13.0909708608
        1.9475206159        8.0763891271
        2.0094647716        5.0738694080
        2.0714089273        5.4161795459
        2.1333530831        4.4571331077
        2.1952972388        4.9303551253
        2.2572413945        4.9609683517
        2.3191855503        7.9507340943
        2.3811297060        9.9519106198
        2.4430738617       11.1548444458
        2.5050180175       10.9749394526
        2.5669621732        9.0192779794
        2.6289063289        9.6432032254
        2.6908504847        5.4375397810
        2.7527946404        6.1741914996
        2.8147387961        4.0347387614
        2.8766829519        2.7006295516
        2.9386271076        1.3631060085
        3.0005712633        1.4286651725
        3.0625154191        1.3581360820
        3.1244595748        1.2968614293
        3.1864037305        1.7518734057
        3.2483478863        1.9614927963
        3.3102920420        2.1244013019
        3.3722361977        2.0520307265
        3.4341803535        2.4620407521
        3.4961245092        2.9914849119
        3.5580686649        6.6227628968
        3.6200128207        5.9870937384
        3.6819569764        3.3921154214
        3.7439011321       10.4169108659
        3.8058452879        9.0529083055
        3.8677894436        3.2690585872
        3.9297335993        1.6614195630
        3.9916777551        5.3832040568
        4.0536219108        7.0164088050
        4.1155660665        5.3723722546
        4.1775102223        5.4383350840
        4.2394543780        3.5445746246
        4.3013985337        1.7031444868
        4.3633426895        0.0000000000
        4.4252868452        9.1675575788
        4.4872310009        7.5942647291
        4.5491751567        3.1228656827
        4.6111193124        4.9330992390
        4.6730634681        3.8916298589
        4.7350076239        6.1555748844
        4.7969517796        0.0000000000
        4.8588959353        0.0000000000
        4.9208400911        9.1682597249
        4.9827842468        7.0468394642
        5.0447284025        6.2832906772
        5.1066725583       12.1175091541
        5.1686167140       15.7840017859
        5.2305608697       17.3477077955
        5.2925050255        0.0000000000
        5.3544491812        7.2411488547
        5.4163933369        0.0000000000
        5.4783374927       14.9282324749
        5.5402816484        0.0000000000
        5.6022258041        0.0000000000
        5.6641699599        0.0000000000
        5.7261141156        0.0000000000
        5.7880582713        0.0000000000
        5.8500024271        0.0000000000
        5.9119465828        0.0000000000
        5.9738907385        0.0000000000
        6.0358348943        0.0000000000
        6.0977790500        0.0000000000
        6.1597232057        0.0000000000
        6.2216673615        0.0000000000
        6.2836115172        0.0000000000
        6.3455556730        0.0000000000
        6.4074998287       25.8244607535
        6.4694439844        0.0000000000
        6.5313881402        0.0000000000
        6.5933322959        0.0000000000
        6.6552764516        0.0000000000
        6.7172206074        0.0000000000
        6.7791647631        7.8316809764
        6.8411089188        7.3755552863
        6.9030530746        0.0000000000
        6.9649972303        0.5022688387
        7.0269413860        5.6519291267
        7.0888855418        4.8445693600
        7.1508296975        7.2887590417
        7.2127738532       10.7560104561
        7.2747180090        3.1559537313
        7.3366621647       12.2907641651
        7.3986063204       10.9634073974
        7.4605504762        7.3341696940
        7.5224946319        8.4643049560
        7.5844387876        4.8092034402
        7.6463829434        9.8551285253
        7.7083270991        4.8449019415
        7.7702712548        8.0349849009
        7.8322154106        9.9277749209
        7.8941595663        3.5148561476
        7.9561037220        7.5031205582
        8.0180478778        2.8282349556
        8.0799920335        5.4939518306
        8.1419361892        8.7454246899
        8.2038803450        4.9281594190
        8.2658245007        6.6896364463
        8.3277686564        4.7563922903
        8.3897128122        0.0000000000
        8.4516569679        0.0000000000
        8.5136011236       16.0334647219
        8.5755452794        7.6529038068
        8.6374894351        0.0000000000
        8.6994335908        0.0000000000
        8.7613777466        0.0000000000
        8.8233219023        0.0000000000
        8.8852660580        0.0000000000
        8.9472102138        0.0000000000
        9.0091543695        0.0000000000
        9.0710985252        0.0000000000
        9.1330426810        0.0000000000
        9.1949868367        0.0000000000
        9.2569309924        1.4913377442
        9.3188751482        5.0844216324
        9.3808193039        5.7529434783
        9.4427634596        2.7099352104
        9.5047076154        0.1229062272
        9.5666517711        0.0000000000
        9.6285959268        0.0000000000
        9.6905400826        1.6470799862
        9.7524842383        4.7569193285
        9.8144283940        3.8318487970
        9.8763725498        5.9181478139
        9.9383167055        0.0000000000
       10.0002608612        4.9737130837
       10.0622050170        4.6106003537
       10.1241491727        8.4747848744
       10.1860933284        0.0000000000
       10.2480374842        1.0782550877
       10.3099816399        5.7980405448
       10.3719257956       13.5720659662
       10.4338699514        7.1042117210
       10.4958141071        6.3403108971
       10.5577582628        1.1873834055
       10.6197024186        0.0000000000
       10.6816465743        0.0000000000
       10.7435907300        0.0000000000
       10.8055348858        0.0000000000
       10.8674790415        0.0000000000
       10.9294231972        0.0000000000
       10.9913673530        0.0000000000
       11.0533115087        0.0000000000
       11.1152556644        0.0000000000
       11.1771998202        0.0000000000
       11.2391439759        0.0000000000
       11.3010881316        0.0000000000
       11.3630322874        0.0000000000
       11.4249764431        0.0000000000
       11.4869205988        0.0000000000
       11.5488647546        0.0000000000
       11.6108089103        0.0000000000
