    #         X           Y           Z       CHARGE      MIN DIST   ATOMIC VOL
 --------------------------------------------------------------------------------
    1    0.103147    0.893544    7.839498   11.220391     1.203028    21.274948
    2    3.212126    5.584948    3.942770   11.138394     1.208302    21.059458
    3    6.417496    4.584164    1.969627   10.539335     1.023177    15.268000
    4    3.179530    2.202817    5.779096   10.542199     1.011513    15.088968
    5    3.372475    2.202492    2.046609   10.575344     1.007062    15.234714
    6    6.422004    4.396210    5.890139   10.505373     1.029426    15.072416
    7    0.029367    1.074087    3.981387    2.885407     1.000979    15.350437
    8    3.241349    5.396894    7.863526    2.884763     1.007473    15.439688
    9    3.866523    0.995542    7.838605    6.591000     1.273596    28.846061
   10    0.927240    2.287040    2.102482    6.563729     1.259059    28.361862
   11    4.123325    4.362543    1.832691    6.751723     1.210994    24.995222
   12    0.943677    5.206103    7.854312    6.767328     1.210861    25.006529
   13    0.628013    5.584214    3.970493    6.764662     1.221287    25.399807
   14    4.099916    4.305248    6.031162    6.753606     1.215023    25.137807
   15    0.876351    2.232562    5.761901    6.749829     1.205613    24.816437
   16    4.160749    1.235278    3.949079    6.766916     1.193792    24.826617
 --------------------------------------------------------------------------------
    VACUUM CHARGE:               0.0000
    VACUUM VOLUME:               0.0000
    NUMBER OF ELECTRONS:       124.0000
