    #         X           Y           Z       CHARGE      MIN DIST   ATOMIC VOL
 --------------------------------------------------------------------------------
    1    0.072090    1.009612    7.980030   11.251764     1.216786    22.223907
    2    3.379558    5.779998    4.043794   11.212255     1.212902    21.981842
    3    0.091683    4.574237    2.039348   10.645200     1.052216    16.020278
    4    3.228149    2.283968    5.892257   10.527822     1.022607    15.592110
    5    3.412013    2.091639    2.086216   10.601433     1.007700    15.974675
    6    6.457926    4.366498    6.031301   10.567388     1.019430    15.604616
    7    0.021126    1.146158    4.061531    2.979456     1.008433    16.378575
    8    3.368168    5.548883    7.965557    3.058554     1.011951    16.990671
    9    3.944764    1.036349    7.961622    6.587325     1.282776    29.753071
   10    0.969685    2.303403    2.146925    6.561723     1.271346    28.901362
   11    4.236169    4.406686    1.878617    6.565309     1.274746    29.102740
   12    0.939042    5.365402    7.988745    6.586103     1.273046    28.841462
   13    0.694823    5.686845    4.093069    6.586395     1.280566    29.289491
   14    4.167021    4.396425    6.129462    6.753001     1.218443    25.428855
   15    0.901888    2.288891    5.856854    6.753934     1.210064    25.288024
   16    4.258990    1.320066    4.055377    6.762337     1.195073    25.448275
 --------------------------------------------------------------------------------
    VACUUM CHARGE:               0.0000
    VACUUM VOLUME:               0.0000
    NUMBER OF ELECTRONS:       124.0000
