    #         X           Y           Z       CHARGE      MIN DIST   ATOMIC VOL
 --------------------------------------------------------------------------------
    1    0.093675    0.903089    7.885515   11.219057     1.206418    21.558176
    2    3.224334    5.645469    3.995661   11.180572     1.208151    21.280015
    3    0.157658    4.631621    2.004953   10.570248     1.017767    15.593401
    4    3.177622    2.242044    5.820834   10.539830     1.017179    15.231310
    5    3.352145    2.048992    2.067330   10.610610     1.000976    15.586227
    6    6.451802    4.420993    5.946172   10.504242     1.034569    15.241365
    7    0.021920    1.083786    4.016730    2.890354     1.006920    15.530388
    8    3.259229    5.442380    7.870173    2.966465     1.006538    16.008107
    9    3.889518    0.999414    7.863519    6.586993     1.273375    28.887015
   10    0.932914    2.272264    2.116296    6.563386     1.265130    28.617680
   11    4.189092    4.342406    1.859978    6.567610     1.267937    28.661587
   12    0.957588    5.256214    7.889266    6.766407     1.208974    25.193157
   13    0.641316    5.635116    4.026449    6.763063     1.216836    25.507430
   14    4.122004    4.336593    6.053783    6.754837     1.211936    25.163031
   15    0.871044    2.254038    5.799323    6.749394     1.207678    25.132932
   16    4.187329    1.247712    4.011458    6.766932     1.185769    24.872079
 --------------------------------------------------------------------------------
    VACUUM CHARGE:               0.0000
    VACUUM VOLUME:               0.0000
    NUMBER OF ELECTRONS:       124.0000
