    #         X           Y           Z       CHARGE      MIN DIST   ATOMIC VOL
 --------------------------------------------------------------------------------
    1    0.033984    1.019499    8.158906   11.290425     1.239413    22.778356
    2    3.386329    5.895888    4.079156   11.250225     1.215472    22.504839
    3    0.030536    4.592375    2.056759   10.639678     1.059516    16.263158
    4    3.401428    2.160803    6.016680   10.596926     1.011105    16.223552
    5    3.401397    2.160866    2.141607   10.596942     1.011136    16.223796
    6    0.030507    4.592367    6.101575   10.639515     1.060488    16.262800
    7    6.636155    1.162424    4.079145    3.066915     1.051706    17.211910
    8    3.381786    5.671451    8.158911    3.142361     1.083302    17.798235
    9    3.987994    1.079159    8.158909    6.583619     1.292403    29.949595
   10    0.947056    2.332797    2.178292    6.565625     1.273306    29.316645
   11    4.252765    4.473177    1.940007    6.568480     1.279105    29.526134
   12    0.944275    5.464225    8.158919    6.583631     1.279312    29.208312
   13    0.697192    5.768068    4.079173    6.581937     1.285653    29.514331
   14    4.252750    4.473155    6.218299    6.568417     1.278068    29.526993
   15    0.947066    2.332797    5.980028    6.565636     1.273677    29.315427
   16    4.309191    1.344487    4.079136    6.759667     1.202641    25.705199
 --------------------------------------------------------------------------------
    VACUUM CHARGE:               0.0000
    VACUUM VOLUME:               0.0000
    NUMBER OF ELECTRONS:       124.0000
