    #         X           Y           Z       CHARGE      MIN DIST   ATOMIC VOL
 --------------------------------------------------------------------------------
    1    0.091832    0.992327    7.938277   11.253809     1.210497    22.036188
    2    3.277350    5.688765    4.024025   11.177328     1.208481    21.501379
    3    0.127072    4.589812    2.149273   10.605339     1.007455    15.796193
    4    3.214531    2.257628    5.854809   10.536363     1.019822    15.412086
    5    3.394467    2.063815    2.086332   10.606173     1.006289    15.773203
    6    6.468968    4.408119    5.891840   10.533903     1.030517    15.379501
    7    0.029318    1.080206    4.044601    2.898282     1.009843    15.695756
    8    3.363848    5.489111    7.927215    3.052775     1.009618    16.761640
    9    3.937006    1.040998    7.921159    6.585866     1.278136    29.254973
   10    0.961601    2.274038    2.152433    6.561391     1.264259    28.635683
   11    4.235535    4.364888    1.886419    6.569079     1.275126    28.884949
   12    0.943546    5.263359    7.963871    6.588488     1.291413    28.852188
   13    0.688036    5.663572    4.077510    6.762291     1.196293    25.406887
   14    4.165904    4.359069    6.084332    6.756862     1.216577    25.311827
   15    0.896206    2.265446    5.814018    6.748416     1.210765    25.116924
   16    4.240459    1.268316    4.038636    6.763634     1.191263    25.170868
 --------------------------------------------------------------------------------
    VACUUM CHARGE:               0.0000
    VACUUM VOLUME:               0.0000
    NUMBER OF ELECTRONS:       124.0000
