    #         X           Y           Z       CHARGE      MIN DIST   ATOMIC VOL
 --------------------------------------------------------------------------------
    1    0.040380    1.040092    8.056218   11.250762     1.220203    22.520757
    2    3.377731    5.867112    4.055544   11.254628     1.210510    22.232864
    3    0.061934    4.603350    2.041550   10.642149     1.057587    16.154046
    4    3.206157    2.159239    5.943125   10.562646     1.020788    15.900085
    5    3.396251    2.144746    2.110656   10.600424     1.013190    16.082182
    6    0.066953    4.400799    6.052989   10.601101     1.018551    15.885914
    7    0.001692    1.162017    4.089203    2.985459     1.013090    16.596861
    8    3.366334    5.632340    8.086120    3.137435     1.076669    17.565589
    9    3.949510    1.079230    8.060647    6.584533     1.285939    29.779276
   10    0.949325    2.331991    2.170055    6.560778     1.272911    29.258418
   11    4.242684    4.456248    1.924072    6.568190     1.274269    29.175135
   12    0.934028    5.438018    8.067033    6.585118     1.276882    29.112990
   13    0.696274    5.740088    4.087387    6.582290     1.283374    29.428957
   14    4.222557    4.406992    6.166591    6.572197     1.273254    29.291492
   15    0.901012    2.273331    5.905088    6.749598     1.205269    25.455663
   16    4.276491    1.356856    4.065625    6.762692     1.197533    25.518356
 --------------------------------------------------------------------------------
    VACUUM CHARGE:               0.0000
    VACUUM VOLUME:               0.0000
    NUMBER OF ELECTRONS:       124.0000
