    #         X           Y           Z       CHARGE      MIN DIST   ATOMIC VOL
 --------------------------------------------------------------------------------
    1    0.042690    1.005497    8.213242   11.287394     1.242443    23.020098
    2    3.394327    5.827350    4.106330   11.287430     1.240847    23.020566
    3    0.024929    4.612207    2.063795   10.635709     1.061719    16.451600
    4    3.376696    2.219029    6.171059   10.635774     1.064377    16.450724
    5    3.376619    2.219068    2.041632   10.635720     1.060646    16.450651
    6    0.024886    4.612175    6.148817   10.635718     1.060307    16.450958
    7    0.051932    1.134342    4.106329    3.146587     1.082849    17.969824
    8    3.403660    5.697029    8.213251    3.146522     1.083773    17.968553
    9    4.050928    1.069562    8.213274    6.579851     1.292524    29.856967
   10    0.944065    2.344710    2.178525    6.566071     1.277905    29.551549
   11    4.295655    4.486972    1.927420    6.565861     1.275629    29.551914
   12    0.955550    5.477347    8.213226    6.582941     1.287939    29.559759
   13    0.699101    5.761849    4.106322    6.579302     1.285657    29.855506
   14    4.295638    4.486967    6.285232    6.565992     1.276533    29.554514
   15    0.944102    2.344705    6.034110    6.566094     1.280322    29.550906
   16    4.307443    1.354871    4.106329    6.583034     1.284287    29.556574
 --------------------------------------------------------------------------------
    VACUUM CHARGE:               0.0000
    VACUUM VOLUME:               0.0000
    NUMBER OF ELECTRONS:       124.0000
