    #         X           Y           Z       CHARGE      MIN DIST   ATOMIC VOL
 --------------------------------------------------------------------------------
    1    0.125599    0.944404    7.821242   11.177884     1.205732    21.048236
    2    3.215710    5.563214    3.910370   11.139691     1.205795    20.770870
    3    0.027779    4.409645    1.969137   10.507379     1.023928    14.942977
    4    3.184332    2.201494    5.754974   10.543682     1.011596    14.931448
    5    3.184270    2.201569    2.065463   10.543670     1.010360    14.932235
    6    0.027846    4.409622    5.851657   10.507296     1.024791    14.942622
    7    0.044589    1.102615    3.910339    2.798229     1.004344    14.781705
    8    3.240458    5.381638    7.821211    2.876122     1.003858    15.244126
    9    3.846976    1.020519    7.821099    6.592502     1.267507    28.720899
   10    0.887112    2.244296    2.114172    6.748582     1.209371    24.753966
   11    4.099747    4.302018    1.827453    6.754221     1.206988    24.811943
   12    0.948210    5.207601    7.821251    6.769885     1.218460    24.983386
   13    0.639444    5.571084    3.910384    6.767123     1.221573    25.390421
   14    4.099825    4.301939    5.993184    6.754243     1.207855    24.812731
   15    0.887172    2.244249    5.706506    6.748583     1.208717    24.752569
   16    4.140660    1.255169    3.910217    6.770907     1.198310    24.665058
 --------------------------------------------------------------------------------
    VACUUM CHARGE:               0.0000
    VACUUM VOLUME:               0.0000
    NUMBER OF ELECTRONS:       124.0000
