    #         X           Y           Z       CHARGE      MIN DIST   ATOMIC VOL
 --------------------------------------------------------------------------------
    1    0.030086    0.965317    7.784525   11.141160     1.202706    20.644245
    2    3.210700    5.510583    3.892210   11.141163     1.203400    20.644905
    3    0.026067    4.372527    1.951897   10.510500     1.023270    14.780266
    4    3.205232    2.103393    5.844805   10.510355     1.024072    14.781200
    5    3.205408    2.103387    1.939479   10.510453     1.022626    14.781200
    6    0.025575    4.372381    5.832085   10.510536     1.023004    14.780603
    7    0.046498    1.096710    3.892034    2.791178     1.001080    14.602363
    8    3.226833    5.378996    7.784804    2.791513     1.002549    14.605962
    9    3.818533    0.968195    7.784667    6.767856     1.218614    25.021164
   10    0.894536    2.215673    2.088812    6.753825     1.206918    24.723438
   11    4.074964    4.260092    1.803147    6.753829     1.205815    24.722679
   12    0.940673    5.195470    7.784549    6.770967     1.210561    24.741371
   13    0.638950    5.507547    3.892115    6.768126     1.216105    25.023555
   14    4.074566    4.260092    5.981453    6.753866     1.205507    24.723600
   15    0.894299    2.215607    5.695390    6.753755     1.206156    24.722455
   16    4.120471    1.280555    3.892213    6.770918     1.213104    24.742068
 --------------------------------------------------------------------------------
    VACUUM CHARGE:               0.0000
    VACUUM VOLUME:               0.0000
    NUMBER OF ELECTRONS:       124.0000
