    #         X           Y           Z       CHARGE      MIN DIST   ATOMIC VOL
 --------------------------------------------------------------------------------
    1    0.041162    5.543357   10.635973   11.178982     1.196218    21.112550
    2    2.797762    2.786555    5.384038   11.140091     1.198445    20.740847
    3    0.124726    2.838483    2.757924   10.544027     1.014808    15.066764
    4    2.784949    0.006463    8.027069   10.516272     1.025266    14.835444
    5    2.745637    5.459346    2.757961   10.544022     1.013833    15.066218
    6    5.577983    2.799470    8.027096   10.516341     1.025191    14.836688
    7    5.583913    0.000438    5.387391    2.803655     1.004024    14.821673
    8    2.792660    2.791788   10.671225    2.887460     1.006649    15.507562
    9    4.090087    1.494110    1.492583    6.571984     1.262300    28.466947
   10    1.304172    1.247076    3.950421    6.755098     1.208205    24.801450
   11    4.337289    4.280192    3.950439    6.755347     1.211756    24.804458
   12    1.507488    4.076735    1.397730    6.758966     1.205712    24.832863
   13    1.271857    4.312610    6.791674    6.757805     1.209407    24.843016
   14    4.052256    4.069191    9.230656    6.757476     1.210860    24.871014
   15    1.515265    1.532210    9.230630    6.757678     1.209057    24.873616
   16    4.313573    1.270870    6.810695    6.754797     1.204955    24.850479
 --------------------------------------------------------------------------------
    VACUUM CHARGE:               0.0000
    VACUUM VOLUME:               0.0000
    NUMBER OF ELECTRONS:       124.0000
