    #         X           Y           Z       CHARGE      MIN DIST   ATOMIC VOL
 --------------------------------------------------------------------------------
    1    5.824325   -0.012228   11.161851   11.288741     1.230678    22.912604
    2    2.934836    2.877369    5.671104   11.250432     1.210998    22.557968
    3    5.792558    2.922003    2.822904   10.640977     1.060738    16.340179
    4    3.039693    0.039690    8.305707   10.605088     1.010903    16.054782
    5    2.890277    0.019750    2.822878   10.640955     1.060431    16.340551
    6    5.772283    2.772248    8.305788   10.605090     1.010758    16.054968
    7    5.795825    0.016352    5.649614    3.073608     1.018181    17.401553
    8    2.910127    2.901976   11.160706    3.149914     1.084776    18.109207
    9    4.247169    1.565090    1.523852    6.571815     1.278261    29.456679
   10    1.338461    1.372671    4.115282    6.568070     1.274521    29.366460
   11    4.439531    4.473706    4.115287    6.568157     1.277825    29.368936
   12    1.548359    4.263882    1.529845    6.568063     1.278552    29.391204
   13    1.343740    4.468246    7.162057    6.569866     1.275223    29.351504
   14    4.290866    4.212622    9.620128    6.573250     1.278543    29.379641
   15    1.599473    1.521243    9.620103    6.573385     1.276649    29.383132
   16    4.492980    1.319061    7.074348    6.752586     1.200861    25.526476
 --------------------------------------------------------------------------------
    VACUUM CHARGE:               0.0000
    VACUUM VOLUME:               0.0000
    NUMBER OF ELECTRONS:       124.0000
