    #         X           Y           Z       CHARGE      MIN DIST   ATOMIC VOL
 --------------------------------------------------------------------------------
    1    0.022268   -0.011253   10.986162   11.251129     1.211554    22.408026
    2    2.906022    2.846297    5.644338   11.250955     1.209764    22.407479
    3    5.729767    2.878893    2.769417   10.641674     1.057769    16.267205
    4    2.952255    0.146110    8.310210   10.572105     1.013660    15.699013
    5    2.846138   -0.007240    2.771095   10.641803     1.058441    16.269126
    6    0.068657    2.689153    8.320455   10.571894     1.015250    15.697877
    7    5.735733   -0.007646    5.615839    3.069365     1.016192    17.312102
    8    2.852053    2.842688   11.014777    3.069341     1.015628    17.310629
    9    4.199445    1.523949    1.457442    6.570901     1.280953    29.276614
   10    1.315827    1.347716    4.082873    6.570581     1.280669    29.273879
   11    4.385869    4.428511    4.062568    6.566875     1.274097    29.223338
   12    1.502237    4.220493    1.458743    6.566779     1.271643    29.224432
   13    1.340443    4.453321    7.129859    6.573276     1.271231    29.178605
   14    4.223932    4.159080    9.481657    6.573249     1.271328    29.178451
   15    1.594106    1.515489    9.580520    6.754883     1.204275    25.392232
   16    4.477795    1.319595    7.050032    6.755189     1.202674    25.394953
 --------------------------------------------------------------------------------
    VACUUM CHARGE:               0.0000
    VACUUM VOLUME:               0.0000
    NUMBER OF ELECTRONS:       124.0000
