    #         X           Y           Z       CHARGE      MIN DIST   ATOMIC VOL
 --------------------------------------------------------------------------------
    1    0.000953    0.000398    0.001756   11.287387     1.236726    23.064030
    2    2.924205    2.923422    5.629304   11.287408     1.236241    23.064950
    3    0.000916    2.923646    2.815478   10.640179     1.060483    16.420696
    4    2.924439    0.001904    8.442811   10.640110     1.060228    16.419177
    5    2.924125    0.000250    2.816110   10.640048     1.060842    16.419717
    6    0.001429    2.925323    8.442585   10.640119     1.060491    16.419557
    7    0.000700    0.000882    5.629065    3.153525     1.086236    18.204495
    8    2.924546    2.923387    0.002456    3.153517     1.086376    18.203254
    9    4.280670    1.566831    1.535736    6.569635     1.280924    29.557033
   10    1.357163    1.356861    4.095600    6.569809     1.278303    29.554434
   11    4.491454    4.490167    4.095606    6.569807     1.281905    29.558392
   12    1.568087    4.279811    1.535509    6.569652     1.280471    29.556625
   13    1.357932    4.491548    7.162312    6.569635     1.280711    29.554098
   14    4.280316    4.280271    9.722192    6.569791     1.278312    29.553398
   15    1.567748    1.568375    9.722507    6.569840     1.281518    29.554186
   16    4.491897    1.357350    7.162830    6.569540     1.280409    29.554916
 --------------------------------------------------------------------------------
    VACUUM CHARGE:               0.0000
    VACUUM VOLUME:               0.0000
    NUMBER OF ELECTRONS:       124.0000
