    #         X           Y           Z       CHARGE      MIN DIST   ATOMIC VOL
 --------------------------------------------------------------------------------
    1    0.022201    5.570580   10.673810   11.177453     1.198836    21.208745
    2    2.830262    2.820649    5.486001   11.177441     1.199865    21.208188
    3    0.061048    2.980013    2.684728   10.573630     1.010103    15.392102
    4    2.772338    5.599321    8.076917   10.516380     1.027943    14.909262
    5    2.869354    5.447349    2.686056   10.573345     1.009308    15.391157
    6    5.580440    2.792278    8.082366   10.516420     1.026958    14.910375
    7    5.588656    5.606003    5.443989    2.891980     1.004857    15.588639
    8    2.780476    2.785375   10.715706    2.891800     1.003679    15.588509
    9    4.131006    1.522737    1.463980    6.569649     1.263182    28.563004
   10    1.322766    1.275304    3.925701    6.569884     1.262204    28.564726
   11    4.343213    4.296451    4.007800    6.756840     1.199606    24.895430
   12    1.535174    4.130732    1.363385    6.756942     1.199221    24.892840
   13    1.243649    4.319181    6.872499    6.758527     1.212966    25.002004
   14    4.051738    4.072244    9.287259    6.758330     1.211062    25.002561
   15    1.502752    1.520607    9.282940    6.755881     1.211059    24.983281
   16    4.310984    1.241649    6.895421    6.755496     1.207800    24.978258
 --------------------------------------------------------------------------------
    VACUUM CHARGE:               0.0000
    VACUUM VOLUME:               0.0000
    NUMBER OF ELECTRONS:       124.0000
