    #         X           Y           Z       CHARGE      MIN DIST   ATOMIC VOL
 --------------------------------------------------------------------------------
    1    0.000888    0.000461    0.002161   11.140850     1.196026    20.651442
    2    2.775396    2.775009    5.324567   11.140782     1.195819    20.650907
    3    0.000944    2.775157    2.662947   10.516111     1.022514    14.767118
    4    2.775491    0.001599    7.985489   10.516127     1.022471    14.766571
    5    2.775362    0.000329    2.663387   10.516039     1.022227    14.767056
    6    0.001272    2.776388    7.985230   10.516127     1.022538    14.766621
    7    0.000700    0.000920    5.324348    2.798511     1.003071    14.759329
    8    2.775700    2.774876    0.002178    2.798520     1.002996    14.758135
    9    4.041749    1.508428    1.435157    6.757139     1.207043    24.734298
   10    1.267137    1.266950    3.891414    6.757066     1.205020    24.734833
   11    4.283907    4.283095    3.891430    6.757042     1.208423    24.736438
   12    1.509398    4.041280    1.434935    6.757254     1.206656    24.734845
   13    1.267670    4.284138    6.757065    6.757206     1.206926    24.733439
   14    4.041634    4.041792    9.213426    6.757045     1.205062    24.735106
   15    1.508924    1.509534    9.213686    6.756996     1.208262    24.734335
   16    4.284040    1.267261    6.757476    6.757182     1.206610    24.733700
 --------------------------------------------------------------------------------
    VACUUM CHARGE:               0.0000
    VACUUM VOLUME:               0.0000
    NUMBER OF ELECTRONS:       124.0000
