    #         X           Y           Z       CHARGE      MIN DIST   ATOMIC VOL
 --------------------------------------------------------------------------------
    1    5.750125   -0.010925   10.843724   11.213398     1.211571    21.837879
    2    2.905474    2.833819    5.639971   11.250398     1.202353    22.293178
    3    5.721274    2.888023    2.737827   10.642237     1.057929    16.193524
    4    3.004115    0.033119    8.349974   10.543349     1.019461    15.367327
    5    2.851324    0.018066    2.737810   10.642116     1.058615    16.193180
    6    5.706129    2.735077    8.349990   10.543304     1.017929    15.367314
    7    5.723808    0.015471    5.603583    3.064230     1.014862    17.223918
    8    2.877558    2.861720   10.899999    2.984973     1.016220    16.498369
    9    4.205424    1.533925    1.413385    6.568818     1.273159    29.053333
   10    1.325906    1.361734    4.053282    6.569406     1.273102    29.125205
   11    4.377573    4.413409    4.053311    6.569358     1.276228    29.127254
   12    1.514597    4.224772    1.409425    6.565342     1.270100    29.037240
   13    1.325697    4.413582    7.120892    6.575196     1.269710    29.051009
   14    4.201964    4.122913    9.477639    6.755450     1.215536    25.331018
   15    1.616362    1.537304    9.477657    6.755218     1.215843    25.330412
   16    4.443101    1.296144    7.049274    6.757207     1.212926    25.316863
 --------------------------------------------------------------------------------
    VACUUM CHARGE:               0.0000
    VACUUM VOLUME:               0.0000
    NUMBER OF ELECTRONS:       124.0000
