    #         X           Y           Z       CHARGE      MIN DIST   ATOMIC VOL
 --------------------------------------------------------------------------------
    1    0.042560    5.624438   10.736494   11.175728     1.201231    21.329681
    2    2.840209    2.826661    5.615312   11.213946     1.202986    21.608921
    3    0.128336    2.881105    2.632057   10.606739     1.004193    15.750793
    4    2.821311    0.008397    8.175356   10.516250     1.028062    14.982264
    5    2.785948    5.538650    2.632050   10.606864     1.004672    15.750079
    6    5.658687    2.845716    8.175383   10.516296     1.026614    14.983268
    7    5.655726    0.011244    5.559322    2.976208     1.009489    16.349499
    8    2.832812    2.834206   10.784400    2.895385     1.007262    15.661911
    9    4.149290    1.517734    1.452170    6.566311     1.268741    28.726876
   10    1.359381    1.301326    4.009459    6.572053     1.270212    28.763441
   11    4.365638    4.307557    4.009520    6.572323     1.269489    28.768133
   12    1.529048    4.137979    1.344602    6.753662     1.193077    24.994178
   13    1.282357    4.384687    6.978741    6.759078     1.214603    25.134822
   14    4.107699    4.123991    9.364347    6.756680     1.211827    25.104931
   15    1.543011    1.559319    9.364344    6.756488     1.210293    25.104085
   16    4.384977    1.282068    7.004006    6.755990     1.210314    25.094769
 --------------------------------------------------------------------------------
    VACUUM CHARGE:               0.0000
    VACUUM VOLUME:               0.0000
    NUMBER OF ELECTRONS:       124.0000
