    #         X           Y           Z       CHARGE      MIN DIST   ATOMIC VOL
 --------------------------------------------------------------------------------
    1    0.000911    0.000627   10.733180   11.212035     1.208551    21.731459
    2    2.850834    2.850554    5.676565   11.212061     1.209347    21.731809
    3    0.000997    2.850588    2.736371   10.642509     1.056715    16.118397
    4    2.850990    0.000838    8.204658   10.515991     1.031302    15.062139
    5    2.850925    0.000644    2.736379   10.642513     1.056518    16.118599
    6    0.001102    2.850725    8.204661   10.516015     1.031252    15.061761
    7    0.000949    0.000667    5.604419    2.978649     1.009830    16.428655
    8    2.850932    2.850616   10.805272    2.979158     1.011990    16.431178
    9    4.190789    1.510709    1.402864    6.567760     1.271143    28.923357
   10    1.340879    1.340541    4.070194    6.568035     1.274694    28.925731
   11    4.360906    4.360552    4.070269    6.568034     1.272951    28.927215
   12    1.511005    4.190514    1.402878    6.567804     1.270859    28.924342
   13    1.284469    4.417231    7.033829    6.757358     1.216121    25.231519
   14    4.134319    4.134032    9.375907    6.757467     1.214167    25.233489
   15    1.567470    1.567192    9.375934    6.757226     1.217201    25.233651
   16    4.417513    1.284176    7.033826    6.757383     1.215822    25.231776
 --------------------------------------------------------------------------------
    VACUUM CHARGE:               0.0000
    VACUUM VOLUME:               0.0000
    NUMBER OF ELECTRONS:       124.0000
