# Tetrahedron method
       -0.8170360753        0.0000000000
       -0.7558941420        0.0000000000
       -0.6947522088        0.0000000000
       -0.6336102756        0.0000000000
       -0.5724683424        0.0000000000
       -0.5113264091        0.0000000000
       -0.4501844759        0.0000000000
       -0.3890425427        0.0000000000
       -0.3279006094        0.0000000000
       -0.2667586762        0.0000000000
       -0.2056167430        0.0000000000
       -0.1444748098        0.0000000000
       -0.0833328765        0.0000000000
       -0.0221909433        0.0000000000
        0.0389509899        0.0000000000
        0.1000929231        0.0000000000
        0.1612348564        0.0000000000
        0.2223767896        0.0289054004
        0.2835187228        0.0451357342
        0.3446606561        0.0608948850
        0.4058025893        0.1188896201
        0.4669445225        0.1745798770
        0.5280864557        0.2392569094
        0.5892283890        0.3183474680
        0.6503703222        0.3995751708
        0.7115122554        0.6125133113
        0.7726541887        0.7251426850
        0.8337961219        0.8738090393
        0.8949380551        1.1149358769
        0.9560799883        1.6247765365
        1.0172219216        2.0843278325
        1.0783638548        2.8743421461
        1.1395057880        3.3907096862
        1.2006477212        4.4487339029
        1.2617896545        5.4230107521
        1.3229315877       11.0858881088
        1.3840735209       11.6874887350
        1.4452154542        8.5740536502
        1.5063573874       10.2774620270
        1.5674993206       12.2133852781
        1.6286412538       13.5902944889
        1.6897831871       14.6387494736
        1.7509251203       15.4572969864
        1.8120670535       13.4608932988
        1.8732089868       11.5699066370
        1.9343509200        7.5789293525
        1.9954928532        6.1632363839
        2.0566347864        9.5941375283
        2.1177767197        9.6850865975
        2.1789186529        7.2793654835
        2.2400605861        7.9188359663
        2.3012025193        9.6819741576
        2.3623444526        9.1082700938
        2.4234863858        8.9303417220
        2.4846283190       10.8225614305
        2.5457702523        8.4542587105
        2.6069121855       13.2750053693
        2.6680541187        7.6766926247
        2.7291960519        3.4302505450
        2.7903379852        1.4609785817
        2.8514799184        1.3655462567
        2.9126218516        1.1672988866
        2.9737637849        1.1573154473
        3.0349057181        1.2202285015
        3.0960476513        1.4975961163
        3.1571895845        1.5553714173
        3.2183315178        1.6663703847
        3.2794734510        1.8770027337
        3.3406153842        1.7659240897
        3.4017573174        2.1120566131
        3.4628992507        2.4429364272
        3.5240411839        2.2899025688
        3.5851831171        2.0266814690
        3.6463250504        1.9519984656
        3.7074669836        2.1842003755
        3.7686089168        2.5604442608
        3.8297508500        4.5516984279
        3.8908927833        9.7565556121
        3.9520347165       11.2003418122
        4.0131766497        2.9944005215
        4.0743185830        6.4250462542
        4.1354605162       13.0839966500
        4.1966024494       10.0304872170
        4.2577443826        9.2600918980
        4.3188863159        6.8554613446
        4.3800282491        3.7762742829
        4.4411701823        2.3624548831
        4.5023121155        0.0000000000
        4.5634540488        9.4086066248
        4.6245959820        5.5083422084
        4.6857379152        1.0077837555
        4.7468798485        0.0000000000
        4.8080217817        0.0000000000
        4.8691637149        0.0000000000
        4.9303056481        0.0000000000
        4.9914475814        0.0000000000
        5.0525895146        0.0000000000
        5.1137314478        9.6256779640
        5.1748733811       12.9442996670
        5.2360153143        7.3537988291
        5.2971572475        4.6323465339
        5.3582991807        3.6305449568
        5.4194411140       17.3289575323
        5.4805830472       14.8697308072
        5.5417249804       16.7452376736
        5.6028669136        0.0000000000
        5.6640088469        4.7451371472
        5.7251507801        4.0267079956
        5.7862927133        0.0000000000
        5.8474346466        0.0000000000
        5.9085765798        0.0000000000
        5.9697185130        0.0000000000
        6.0308604462        0.0000000000
        6.0920023795        0.0000000000
        6.1531443127        0.0000000000
        6.2142862459        0.0000000000
        6.2754281792        6.8443944250
        6.3365701124        5.6180276867
        6.3977120456        2.5290433645
        6.4588539788        0.0000000000
        6.5199959121        0.0000000000
        6.5811378453        2.0539974462
        6.6422797785        6.5391905835
        6.7034217117        4.1741282078
        6.7645636450        8.8522078756
        6.8257055782        9.1195763760
        6.8868475114        8.2875179962
        6.9479894447        5.0691554270
        7.0091313779        2.9686651247
        7.0702733111        5.1348975270
        7.1314152443       12.7648216596
        7.1925571776        5.7600813238
        7.2536991108        2.2749702719
        7.3148410440        4.9808412740
        7.3759829773        4.1739203622
        7.4371249105        3.6431355495
        7.4982668437        8.2584180986
        7.5594087769        1.9982016480
        7.6205507102       10.4656903404
        7.6816926434        5.9678919121
        7.7428345766        2.2288996562
        7.8039765098       13.3201174692
        7.8651184431        4.3811469683
        7.9262603763       12.5666233691
        7.9874023095        9.8685673496
        8.0485442428        6.9163405347
        8.1096861760        5.5569148173
        8.1708281092        7.0773316472
        8.2319700424        0.0000000000
        8.2931119757        0.0000000000
        8.3542539089        0.0000000000
        8.4153958421        3.0756972710
        8.4765377754       29.8760309547
        8.5376797086        0.0000000000
        8.5988216418        0.0000000000
        8.6599635750        0.0000000000
        8.7211055083        0.0000000000
        8.7822474415        0.0000000000
        8.8433893747        0.0000000000
        8.9045313079        0.0000000000
        8.9656732412        0.0000000000
        9.0268151744        0.0000000000
        9.0879571076        0.0000000000
        9.1490990409        0.0000000000
        9.2102409741        1.0677054651
        9.2713829073        2.8955041122
        9.3325248405        4.2303349384
        9.3936667738        4.7311118536
        9.4548087070        2.5696519037
        9.5159506402        0.0008540971
        9.5770925735        0.0000000000
        9.6382345067       15.3816295331
        9.6993764399        3.2935686674
        9.7605183731        0.0000000000
        9.8216603064        1.6815048007
        9.8828022396        7.3922804441
        9.9439441728        7.0739673688
       10.0050861061        1.8156245441
       10.0662280393        9.7459742572
       10.1273699725       10.8188059089
       10.1885119057        0.0000000000
       10.2496538390        6.0526502457
       10.3107957722        9.2031241654
       10.3719377054        2.3958157923
       10.4330796386        0.0000000000
       10.4942215719        0.0000000000
       10.5553635051        0.0000000000
       10.6165054383        0.0000000000
       10.6776473716        0.0000000000
       10.7387893048        0.0000000000
       10.7999312380        0.0000000000
       10.8610731712        0.0000000000
       10.9222151045        0.0000000000
       10.9833570377        0.0000000000
       11.0444989709        0.0000000000
       11.1056409042        0.0000000000
       11.1667828374        0.0000000000
       11.2279247706        0.0000000000
       11.2890667038        0.0000000000
       11.3502086371        0.0000000000
       11.4113505703        0.0000000000
