# Tetrahedron method
       -0.6213888109        0.0000000000
       -0.5664393812        0.0000000000
       -0.5114899515        0.0000000000
       -0.4565405218        0.0000000000
       -0.4015910922        0.0000000000
       -0.3466416625        0.0000000000
       -0.2916922328        0.0000000000
       -0.2367428031        0.0000000000
       -0.1817933734        0.0000000000
       -0.1268439437        0.0000000000
       -0.0718945140        0.0000000000
       -0.0169450843        0.0000000000
        0.0380043454        0.0000000000
        0.0929537751        0.0000000000
        0.1479032048        0.0000000000
        0.2028526345        0.0000000000
        0.2578020642        0.0000000000
        0.3127514939        0.0976557310
        0.3677009236        0.1348112467
        0.4226503533        0.1907329275
        0.4775997830        0.2243481193
        0.5325492127        0.2808772843
        0.5874986424        0.3525984524
        0.6424480721        0.4402886857
        0.6973975018        0.7111735324
        0.7523469315        0.7935819146
        0.8072963612        1.0072307303
        0.8622457909        1.1905025289
        0.9171952206        1.4485334807
        0.9721446502        1.7931735615
        1.0270940799        2.4966352991
        1.0820435096        3.5820588868
        1.1369929393        6.7074385570
        1.1919423690       11.3363166988
        1.2468917987       12.4448714224
        1.3018412284       11.4138355574
        1.3567906581       13.1226403069
        1.4117400878       15.6310799026
        1.4666895175       16.8574214911
        1.5216389472       15.8272548601
        1.5765883769       15.3561722258
        1.6315378066       16.9650082169
        1.6864872363       11.9754718365
        1.7414366660        9.4149551065
        1.7963860957        8.4377115877
        1.8513355254        6.0559848343
        1.9062849551        5.8689962975
        1.9612343848        6.7087360581
        2.0161838145        8.7663683106
        2.0711332442       10.8289086465
        2.1260826739        8.7255164603
        2.1810321036        9.0070685109
        2.2359815333       16.7737236588
        2.2909309630       11.0541430324
        2.3458803926        9.8627754250
        2.4008298223        9.9886072036
        2.4557792520        3.0147483338
        2.5107286817        4.1524486924
        2.5656781114        1.5916631038
        2.6206275411        1.3118050535
        2.6755769708        1.1987105128
        2.7305264005        1.2146549281
        2.7854758302        1.4118675991
        2.8404252599        1.3801889412
        2.8953746896        1.4134919224
        2.9503241193        1.4213762690
        3.0052735490        1.5316059436
        3.0602229787        1.5001839019
        3.1151724084        1.5424538729
        3.1701218381        1.6930256332
        3.2250712678        1.7359267481
        3.2800206975        1.9648625392
        3.3349701272        2.5909772288
        3.3899195569        2.2721864358
        3.4448689866        3.1377439563
        3.4998184163        3.8249836312
        3.5547678460        4.5995643788
        3.6097172757        5.5433411776
        3.6646667054        7.6171843325
        3.7196161350        7.2978404942
        3.7745655647        6.4769053611
        3.8295149944        8.9447012001
        3.8844644241        5.5177005786
        3.9394138538       10.6467841537
        3.9943632835        7.3818514549
        4.0493127132        8.2757330410
        4.1042621429        7.0827766276
        4.1592115726        3.2096313978
        4.2141610023        9.1802954765
        4.2691104320        6.2883137595
        4.3240598617        2.2263631980
        4.3790092914        1.4863992153
        4.4339587211        0.6160416706
        4.4889081508        0.0000000000
        4.5438575805        0.0000000000
        4.5988070102        0.0000000000
        4.6537564399        0.0000000000
        4.7087058696        5.6992339378
        4.7636552993       14.2389280660
        4.8186047290       23.4542816496
        4.8735541587       22.4791234948
        4.9285035884        9.3664347095
        4.9834530181        2.8041376076
        5.0384024477       16.5539907304
        5.0933518774        8.0316561878
        5.1483013071       42.4020294965
        5.2032507368       33.0194482061
        5.2582001665       18.9358902443
        5.3131495962        6.7074891841
        5.3680990259       30.4712065457
        5.4230484556       19.8749872596
        5.4779978853       21.7154069163
        5.5329473150       21.8777245252
        5.5878967447       14.1752036096
        5.6428461744       13.1703287398
        5.6977956041        0.0000000000
        5.7527450338        0.0000000000
        5.8076944635       11.0912045717
        5.8626438932        7.8688579901
        5.9175933229        0.5681228349
        5.9725427526        0.0000000000
        6.0274921823        0.0000000000
        6.0824416120        0.0000000000
        6.1373910417        0.0000000000
        6.1923404714        0.0000000000
        6.2472899011        0.0000000000
        6.3022393308        0.0000000000
        6.3571887605        0.0000000000
        6.4121381901        0.0000000000
        6.4670876198        0.0000000000
        6.5220370495        0.0000000000
        6.5769864792        0.0000000000
        6.6319359089        0.0000000000
        6.6868853386        0.0000000000
        6.7418347683        0.0000000000
        6.7967841980        0.0000000000
        6.8517336277        0.0000000000
        6.9066830574        0.0000000000
        6.9616324871        0.0000000000
        7.0165819168       27.6526867087
        7.0715313465       12.5990899168
        7.1264807762       16.0826464655
        7.1814302059       10.1818597011
        7.2363796356       10.3948509067
        7.2913290653        9.2616210155
        7.3462784950        2.9155747738
        7.4012279247        0.0000000000
        7.4561773544        5.3464885911
        7.5111267841       10.9830097744
        7.5660762138        0.0000000000
        7.6210256435        0.0000000000
        7.6759750732        0.0000000000
        7.7309245029        4.9704752777
        7.7858739325       20.6316207904
        7.8408233622        0.0000000000
        7.8957727919        0.0000000000
        7.9507222216        0.0000000000
        8.0056716513        0.0000000000
        8.0606210810        0.0000000000
        8.1155705107       20.4805521618
        8.1705199404        0.0000000000
        8.2254693701        0.0000000000
        8.2804187998        0.0000000000
        8.3353682295        0.0000000000
        8.3903176592        0.0000000000
        8.4452670889        0.0000000000
        8.5002165186        0.0000000000
        8.5551659483        0.0000000000
        8.6101153780        0.0000000000
        8.6650648077        0.0000000000
        8.7200142374        0.0000000000
        8.7749636671        0.0000000000
        8.8299130968        0.0000000000
        8.8848625265        0.0000000000
        8.9398119562        0.0000000000
        8.9947613859        0.0000000000
        9.0497108156        0.0000000000
        9.1046602453        0.0000000000
        9.1596096749        0.0000000000
        9.2145591046        0.0000000000
        9.2695085343        0.0000000000
        9.3244579640        0.0000000000
        9.3794073937        2.3955588930
        9.4343568234       12.0972394082
        9.4893062531        0.0000000000
        9.5442556828        0.0000000000
        9.5992051125        0.0000000000
        9.6541545422        0.0000000000
        9.7091039719        0.0000000000
        9.7640534016        0.0000000000
        9.8190028313        0.0000000000
        9.8739522610        0.0000000000
        9.9289016907        0.0000000000
        9.9838511204        0.0000000000
       10.0388005501        0.0000000000
       10.0937499798        0.0000000000
       10.1486994095        0.0000000000
       10.2036488392        0.0000000000
       10.2585982689        0.0000000000
       10.3135476986        0.0000000000
       10.3684971283        0.0000000000
