# Tetrahedron method
       -2.2276423381        0.0000000000
       -2.1735358851        0.0000000000
       -2.1194294320        0.0000000000
       -2.0653229789        0.0000000000
       -2.0112165258        0.0000000000
       -1.9571100728        0.0000000000
       -1.9030036197        0.0000000000
       -1.8488971666        0.0000000000
       -1.7947907136        0.0000000000
       -1.7406842605        0.0000000000
       -1.6865778074        0.0000000000
       -1.6324713544        0.0000000000
       -1.5783649013        0.0000000000
       -1.5242584482        0.0000000000
       -1.4701519952        0.0000000000
       -1.4160455421        0.0000000000
       -1.3619390890        0.0000000000
       -1.3078326360        0.0310277380
       -1.2537261829        0.0635207846
       -1.1996197298        0.0769733803
       -1.1455132768        0.0913512969
       -1.0914068237        0.1066545344
       -1.0373003706        0.1228830926
       -0.9831939176        0.1241492331
       -0.9290874645        0.1214468840
       -0.8749810114        0.1283953192
       -0.8208745583        0.1253261035
       -0.7667681053        0.1270039644
       -0.7126616522        0.1280592923
       -0.6585551991        0.1480356357
       -0.6044487461        0.1500023259
       -0.5503422930        0.1514309123
       -0.4962358399        0.1523213948
       -0.4421293869        0.1518082574
       -0.3880229338        0.1567971657
       -0.3339164807        0.1618496817
       -0.2798100277        0.1669658052
       -0.2257035746        0.1709176660
       -0.1715971215        0.1780069205
       -0.1174906685        0.1855060214
       -0.0633842154        0.1934149687
       -0.0092777623        0.2017337622
        0.0448286907        0.2104624021
        0.0989351438        0.2196008884
        0.1530415969        0.2332017250
        0.2071480499        0.2472882554
        0.2612545030        0.3063077647
        0.3153609561        0.3379218356
        0.3694674092        0.3783798920
        0.4235738622        0.4194228075
        0.4776803153        0.4646973166
        0.5317867684        0.5182067165
        0.5858932214        0.5710193024
        0.6399996745        0.6282066987
        0.6941061276        0.7263009637
        0.7482125806        0.8555086211
        0.8023190337        1.0339562176
        0.8564254868        1.6143867625
        0.9105319398        1.8492018459
        0.9646383929        2.4278727738
        1.0187448460        4.1757412278
        1.0728512990        4.8807393556
        1.1269577521        5.5113077263
        1.1810642052        7.5792515508
        1.2351706582       12.0507459756
        1.2892771113       12.8101416064
        1.3433835644       11.3351969575
        1.3974900174       18.0768617721
        1.4515964705       12.4297842295
        1.5057029236       15.7566203522
        1.5598093767       16.1871324380
        1.6139158297       13.6539830684
        1.6680222828       16.8925014209
        1.7221287359       12.4877383209
        1.7762351889        6.8568334680
        1.8303416420        5.7772626149
        1.8844480951        6.1411879522
        1.9385545481        8.9037777475
        1.9926610012        7.8390346321
        2.0467674543        9.6017356922
        2.1008739073        6.1797456111
        2.1549803604        5.2185381205
        2.2090868135        6.6683725012
        2.2631932665       13.7640763641
        2.3172997196       13.1416451403
        2.3714061727       10.9643731911
        2.4255126257        7.0747066792
        2.4796190788        4.4692948766
        2.5337255319        2.0430971237
        2.5878319849        1.2355434206
        2.6419384380        1.2065245896
        2.6960448911        1.2313812648
        2.7501513441        1.2542880339
        2.8042577972        1.4424910902
        2.8583642503        1.4917961577
        2.9124707034        1.5186618782
        2.9665771564        1.5446378991
        3.0206836095        1.5281129942
        3.0747900626        1.5171682162
        3.1288965156        1.6065851338
        3.1830029687        1.6709986442
        3.2371094218        1.8188288338
        3.2912158748        2.2073676065
        3.3453223279        2.1278831054
        3.3994287810        2.6048525751
        3.4535352340        2.8734231587
        3.5076416871        3.9703436397
        3.5617481402        4.6751358257
        3.6158545932        4.9656254605
        3.6699610463        6.0497737568
        3.7240674994        4.7097225989
        3.7781739524        4.9120081785
        3.8322804055        6.7097846963
        3.8863868586        6.7682261021
        3.9404933116       11.5913553842
        3.9945997647        6.7375143968
        4.0487062178        6.7248742655
        4.1028126709       19.2276888964
        4.1569191239        8.7728879100
        4.2110255770        4.3032561280
        4.2651320301        2.7299602328
        4.3192384831        0.0000000000
        4.3733449362        0.0000000000
        4.4274513893        0.0000000000
        4.4815578423        0.0000000000
        4.5356642954        0.0000000000
        4.5897707485        0.0000000000
        4.6438772015        7.2956497325
        4.6979836546        8.5559860363
        4.7520901077       15.1011631757
        4.8061965607       24.0309519323
        4.8603030138        9.5294542923
        4.9144094669        5.2314306302
        4.9685159199        0.0000000000
        5.0226223730        1.7215408188
        5.0767288261       29.0948582870
        5.1308352791        7.4933171875
        5.1849417322       13.6237529097
        5.2390481853       28.4819343374
        5.2931546384       13.0731004434
        5.3472610914       11.2450191452
        5.4013675445       18.9777277757
        5.4554739976       40.4768379418
        5.5095804506       17.9569025705
        5.5636869037       36.3784689849
        5.6177933568       17.8000050478
        5.6718998098       11.8307228491
        5.7260062629        0.0000000000
        5.7801127160        0.0000000000
        5.8342191690        0.0000000000
        5.8883256221        0.0000000000
        5.9424320752        0.0000000000
        5.9965385282        0.0000000000
        6.0506449813        0.0000000000
        6.1047514344        0.0000000000
        6.1588578874        0.0000000000
        6.2129643405        0.0000000000
        6.2670707936        0.0000000000
        6.3211772466        0.0000000000
        6.3752836997        0.0000000000
        6.4293901528        0.0000000000
        6.4834966059        0.0000000000
        6.5376030589        0.0000000000
        6.5917095120        0.0000000000
        6.6458159651        0.0000000000
        6.6999224181        0.0000000000
        6.7540288712        0.0000000000
        6.8081353243        0.0000000000
        6.8622417773        0.0000000000
        6.9163482304        0.0000000000
        6.9704546835        2.8888637221
        7.0245611365       18.3691163714
        7.0786675896       24.8552379626
        7.1327740427       14.6316617803
        7.1868804957       10.5570059365
        7.2409869488        5.8459987361
        7.2950934019        2.0569961934
        7.3491998549        4.5367355528
        7.4033063080        7.8179765799
        7.4574127611        8.3297873964
        7.5115192141        8.1259726279
        7.5656256672        5.6614409576
        7.6197321203        1.1640092068
        7.6738385734        0.5995677841
        7.7279450264        0.0000000000
        7.7820514795        0.0000000000
        7.8361579326        0.0000000000
        7.8902643856        0.0000000000
        7.9443708387        0.0000000000
        7.9984772918        0.0000000000
        8.0525837448        0.0000000000
        8.1066901979        0.0000000000
        8.1607966510        0.0000000000
        8.2149031040        0.0000000000
        8.2690095571        0.0000000000
        8.3231160102        0.0000000000
        8.3772224632        0.0000000000
        8.4313289163        0.0000000000
        8.4854353694        0.0000000000
        8.5395418224        0.0000000000
        8.5936482755        0.0000000000
