# Tetrahedron method
       -0.6153409080        0.0000000000
       -0.5572972726        0.0000000000
       -0.4992536372        0.0000000000
       -0.4412100017        0.0000000000
       -0.3831663663        0.0000000000
       -0.3251227309        0.0000000000
       -0.2670790954        0.0000000000
       -0.2090354600        0.0000000000
       -0.1509918246        0.0000000000
       -0.0929481891        0.0000000000
       -0.0349045537        0.0000000000
        0.0231390817        0.0000000000
        0.0811827172        0.0000000000
        0.1392263526        0.0000000000
        0.1972699880        0.0000000000
        0.2553136235        0.0000000000
        0.3133572589        0.0000000000
        0.3714008943        0.0681074029
        0.4294445298        0.1518151584
        0.4874881652        0.1993727175
        0.5455318006        0.2399947571
        0.6035754361        0.2976362336
        0.6616190715        0.3667432968
        0.7196627069        0.4443287471
        0.7777063424        0.5997633009
        0.8357499778        0.8181130122
        0.8937936132        1.0467297636
        0.9518372487        1.3694270799
        1.0098808841        1.7043381236
        1.0679245195        2.0314189546
        1.1259681550        2.5366286540
        1.1840117904        4.0226922110
        1.2420554258        6.5538506542
        1.3000990613       12.1913777825
        1.3581426967        9.6863056887
        1.4161863321        9.4290062057
        1.4742299676        9.8008788341
        1.5322736030       10.6420864784
        1.5903172384       10.3330884977
        1.6483608739       10.6425122090
        1.7064045093       11.4490873129
        1.7644481447       13.1596768912
        1.8224917802       12.7802617625
        1.8805354156       10.4216728494
        1.9385790510        7.4280239800
        1.9966226865        6.2471335440
        2.0546663219        7.9371322454
        2.1127099573       11.7941541298
        2.1707535928        9.0942431628
        2.2287972282        8.4005898312
        2.2868408636        6.7652769018
        2.3448844991        6.9828953163
        2.4029281345       14.3582263389
        2.4609717699       13.6164461793
        2.5190154054        6.7328798906
        2.5770590408        9.8454624694
        2.6351026762        7.3767691630
        2.6931463117        2.8928871811
        2.7511899471        1.9356278783
        2.8092335825        1.6375064674
        2.8672772180        1.2930619762
        2.9253208534        1.2629210551
        2.9833644888        1.2624900842
        3.0414081242        1.3898809995
        3.0994517597        1.4282558934
        3.1574953951        1.4443238399
        3.2155390305        1.4849628020
        3.2735826660        1.5894262909
        3.3316263014        1.6350980669
        3.3896699368        1.8628178444
        3.4477135723        2.2385644730
        3.5057572077        2.7076892275
        3.5638008431        2.2701696104
        3.6218444786        2.1604996350
        3.6798881140        2.4236352273
        3.7379317494        3.7030799014
        3.7959753849        5.0433178379
        3.8540190203        7.1557920854
        3.9120626557        9.4708822057
        3.9701062912        2.7842877442
        4.0281499266        1.6020977887
        4.0861935620        1.3275922323
        4.1442371975       12.1239729636
        4.2022808329       15.0943557390
        4.2603244683        4.4045008921
        4.3183681038        6.7872217349
        4.3764117392       14.2705519146
        4.4344553746        9.1891176239
        4.4924990101        7.2976813958
        4.5505426455        0.0000000000
        4.6085862809        0.0000000000
        4.6666299164        0.0000000000
        4.7246735518        0.0000000000
        4.7827171872        0.0000000000
        4.8407608227        0.0000000000
        4.8988044581        0.0000000000
        4.9568480935        0.0000000000
        5.0148917290        0.0000000000
        5.0729353644       34.4203455313
        5.1309789998        7.2862047295
        5.1890226353        4.0453747567
        5.2470662707        1.8972534184
        5.3051099061        0.0000000000
        5.3631535416        1.2419056054
        5.4211971770        6.9228042062
        5.4792408124       17.1525429955
        5.5372844479        6.7306379914
        5.5953280833       19.1739825462
        5.6533717187       11.0510486900
        5.7114153542        3.1931669326
        5.7694589896       22.5540270916
        5.8275026250        7.3581014402
        5.8855462605        8.7691797851
        5.9435898959        0.0000000000
        6.0016335313        0.0000000000
        6.0596771668        0.0000000000
        6.1177208022        6.7230774825
        6.1757644376        5.9756480085
        6.2338080731        6.8376704840
        6.2918517085       11.2050079188
        6.3498953439        1.8245717911
        6.4079389794        0.7768990486
        6.4659826148        0.0000000000
        6.5240262502        0.0000000000
        6.5820698857        0.7064385001
        6.6401135211       13.4320028484
        6.6981571565       11.5539690356
        6.7562007920        5.2437063317
        6.8142444274        0.0000000000
        6.8722880628        0.0000000000
        6.9303316983        7.6557679980
        6.9883753337        9.1596390745
        7.0464189691        6.9738800810
        7.1044626045        9.4811242126
        7.1625062400        2.1383384378
        7.2205498754        3.2205743398
        7.2785935108        4.9989569263
        7.3366371463        6.9794511926
        7.3946807817       10.9386248629
        7.4527244171        4.3768582678
        7.5107680526        6.8964890012
        7.5688116880        6.4976090989
        7.6268553234        5.9732021237
        7.6848989589        6.0053536248
        7.7429425943       12.6529350164
        7.8009862297        4.6409964495
        7.8590298652       34.3563852145
        7.9170735006       12.3254758536
        7.9751171360        0.0000000000
        8.0331607715        0.0000000000
        8.0912044069        0.0000000000
        8.1492480423        0.0000000000
        8.2072916778        0.0000000000
        8.2653353132        0.0000000000
        8.3233789486        0.0000000000
        8.3814225841        0.0000000000
        8.4394662195        0.0000000000
        8.4975098549        0.0000000000
        8.5555534904        0.0000000000
        8.6135971258        0.0000000000
        8.6716407612        0.0000000000
        8.7296843967        0.0000000000
        8.7877280321        0.0000000000
        8.8457716675        0.0000000000
        8.9038153030        0.0000000000
        8.9618589384        0.0000000000
        9.0199025738        0.0000000000
        9.0779462093        0.0000000000
        9.1359898447        0.0000000000
        9.1940334801        0.0000000000
        9.2520771156        0.0000000000
        9.3101207510        0.0000000000
        9.3681643864        0.0000000000
        9.4262080219        0.0000000000
        9.4842516573        0.0000000000
        9.5422952927       10.1248953624
        9.6003389282        8.6173982789
        9.6583825636        5.8465819657
        9.7164261990        0.0000000000
        9.7744698345        0.8693538025
        9.8325134699        1.5509478079
        9.8905571053        4.0439417012
        9.9486007408       11.8191082968
       10.0066443762       16.3651150115
       10.0646880116        0.0000000000
       10.1227316471        0.0000000000
       10.1807752825        0.0000000000
       10.2388189179        0.0000000000
       10.2968625534        0.0000000000
       10.3549061888        0.0000000000
       10.4129498242        0.0000000000
       10.4709934597        0.0000000000
       10.5290370951        0.0000000000
       10.5870807305        0.0000000000
       10.6451243660        0.0000000000
       10.7031680014        0.0000000000
       10.7612116368        0.0000000000
       10.8192552723        0.0000000000
       10.8772989077        0.0000000000
       10.9353425431        0.0000000000
       10.9933861786        0.0000000000
