# Tetrahedron method
       -1.6842026272        0.0000000000
       -1.6142737970        0.0000000000
       -1.5443449667        0.0000000000
       -1.4744161365        0.0000000000
       -1.4044873063        0.0000000000
       -1.3345584761        0.0000000000
       -1.2646296459        0.0000000000
       -1.1947008156        0.0000000000
       -1.1247719854        0.0000000000
       -1.0548431552        0.0000000000
       -0.9849143250        0.0000000000
       -0.9149854948        0.0000000000
       -0.8450566645        0.0000000000
       -0.7751278343        0.0000000000
       -0.7051990041        0.0000000000
       -0.6352701739        0.0000000000
       -0.5653413436        0.0000000000
       -0.4954125134        0.0120359775
       -0.4254836832        0.0144572238
       -0.3555548530        0.0169256251
       -0.2856260228        0.0194518011
       -0.2156971925        0.0220463715
       -0.1457683623        0.0247199559
       -0.0758395321        0.0274831741
       -0.0059107019        0.0303466457
        0.0640181284        0.0333209904
        0.1339469586        0.0381458150
        0.2038757888        0.0663547967
        0.2738046190        0.0801388321
        0.3437334492        0.0953657260
        0.4136622795        0.1122519756
        0.4835911097        0.1310140780
        0.5535199399        0.1561328092
        0.6234487701        0.2092884510
        0.6933776003        0.3285757584
        0.7633064306        0.4299191265
        0.8332352608        0.4921788716
        0.9031640910        0.6146818148
        0.9730929212        0.8724247899
        1.0430217515        1.0163182824
        1.1129505817        1.4121517452
        1.1828794119        2.1917266169
        1.2528082421        2.7893703073
        1.3227370723        4.5829808990
        1.3926659026        7.8775351514
        1.4625947328        9.5149870237
        1.5325235630        6.5239727822
        1.6024523932        9.5754728411
        1.6723812235       15.3193155724
        1.7423100537       15.3596954332
        1.8122388839       13.3999321446
        1.8821677141       16.7140849093
        1.9520965443       12.5003034199
        2.0220253746        5.9806033688
        2.0919542048        4.7395456654
        2.1618830350        3.4053340481
        2.2318118652        3.7743917857
        2.3017406955        6.6027253883
        2.3716695257        7.3133742452
        2.4415983559        8.1076543565
        2.5115271861        7.6833664712
        2.5814560163        4.5494949684
        2.6513848466        6.6976631740
        2.7213136768       16.7503619901
        2.7912425070       10.8687866109
        2.8611713372        2.9660409378
        2.9311001674        1.4261951798
        3.0010289977        1.1289788349
        3.0709578279        1.0933984920
        3.1408866581        1.1339077914
        3.2108154883        1.2824121665
        3.2807443186        1.8449244928
        3.3506731488        2.0954881491
        3.4206019790        2.3101529933
        3.4905308092        2.7762739843
        3.5604596394        2.6810078890
        3.6303884697        2.4466349383
        3.7003172999        2.2498783206
        3.7702461301        2.7036082848
        3.8401749603        1.6518699534
        3.9101037906        0.0000000000
        3.9800326208        0.0000000000
        4.0499614510        0.0000000000
        4.1198902812        0.9971927516
        4.1898191114        6.0695568877
        4.2597479417        9.9750924881
        4.3296767719        7.3373244374
        4.3996056021        8.1344349949
        4.4695344323       20.4587163896
        4.5394632625       19.4449803639
        4.6093920928        6.1980199856
        4.6793209230        3.0203070922
        4.7492497532        1.4987764049
        4.8191785834        0.3298380015
        4.8891074137        0.0000000000
        4.9590362439        0.0000000000
        5.0289650741        0.0000000000
        5.0988939043        0.0000000000
        5.1688227345        0.0000000000
        5.2387515648        0.0000000000
        5.3086803950        0.0000000000
        5.3786092252        0.0000000000
        5.4485380554        0.0000000000
        5.5184668857        0.0000000000
        5.5883957159        0.0000000000
        5.6583245461        0.0000000000
        5.7282533763        0.0000000000
        5.7981822065        0.0000000000
        5.8681110368        0.0000000000
        5.9380398670        0.0000000000
        6.0079686972        0.0000000000
        6.0778975274        0.0000000000
        6.1478263577        0.0000000000
        6.2177551879        0.0000000000
        6.2876840181        0.0000000000
        6.3576128483        0.0000000000
        6.4275416785        0.0000000000
        6.4974705088        0.0000000000
        6.5673993390        0.0000000000
        6.6373281692        0.0000000000
        6.7072569994        0.0000000000
        6.7771858296        0.0000000000
        6.8471146599        0.0000000000
        6.9170434901        2.1090607859
        6.9869723203       10.2276358987
        7.0569011505        8.7751051800
        7.1268299808       11.9737487592
        7.1967588110       12.6396465916
        7.2666876412        6.2550110469
        7.3366164714        5.8021088743
        7.4065453016       15.0966950941
        7.4764741319       11.5105298498
        7.5464029621       11.1298186111
        7.6163317923        6.9925424829
        7.6862606225        5.1301120298
        7.7561894528        5.2068643343
        7.8261182830        7.4875614271
        7.8960471132       11.7407215094
        7.9659759434        3.0045891033
        8.0359047736        4.1408397355
        8.1058336039       10.2846133309
        8.1757624341        5.2376945886
        8.2456912643        3.5445482522
        8.3156200945       19.1034488552
        8.3855489247       16.6519034835
        8.4554777550        8.6069789466
        8.5254065852        5.0178693411
        8.5953354154        2.7587110566
        8.6652642456        0.0000000000
        8.7351930759        0.0000000000
        8.8051219061        0.0000000000
        8.8750507363        0.0000000000
        8.9449795665        0.0000000000
        9.0149083967        0.0000000000
        9.0848372270        0.0000000000
        9.1547660572        0.0000000000
        9.2246948874        0.0000000000
        9.2946237176        9.6618434606
        9.3645525479       11.2314760370
        9.4344813781        6.4401567387
        9.5044102083        3.1265191039
        9.5743390385        0.0000000000
        9.6442678687        0.0000000000
        9.7141966990        0.0000000000
        9.7841255292        0.0000000000
        9.8540543594        0.0000000000
        9.9239831896        0.0000000000
        9.9939120198        0.0000000000
       10.0638408501        0.9072483848
       10.1337696803       13.3438216626
       10.2036985105       12.0564055579
       10.2736273407        6.0167854667
       10.3435561710        6.0598290808
       10.4134850012        4.6209033014
       10.4834138314        5.7903774462
       10.5533426616        5.3542422154
       10.6232714918        2.9316223558
       10.6932003221        3.2363862644
       10.7631291523        4.9842048787
       10.8330579825        5.7721865806
       10.9029868127        5.4295359072
       10.9729156430        2.5985030559
       11.0428444732        0.7879834478
       11.1127733034        0.4828244430
       11.1827021336        0.0000000000
       11.2526309638        0.0000000000
       11.3225597941        0.0000000000
       11.3924886243        0.0000000000
       11.4624174545        0.0000000000
       11.5323462847        0.0000000000
       11.6022751150        0.0000000000
       11.6722039452        0.0000000000
       11.7421327754        0.0000000000
       11.8120616056        0.0000000000
       11.8819904358        0.0000000000
       11.9519192661        0.0000000000
       12.0218480963        0.0000000000
       12.0917769265        0.0000000000
       12.1617057567        0.0000000000
       12.2316345869        0.0000000000
       12.3015634172        0.0000000000
