# Tetrahedron method
       -0.7277713768        0.0000000000
       -0.6642973937        0.0000000000
       -0.6008234105        0.0000000000
       -0.5373494273        0.0000000000
       -0.4738754441        0.0000000000
       -0.4104014610        0.0000000000
       -0.3469274778        0.0000000000
       -0.2834534946        0.0000000000
       -0.2199795115        0.0000000000
       -0.1565055283        0.0000000000
       -0.0930315451        0.0000000000
       -0.0295575620        0.0000000000
        0.0339164212        0.0000000000
        0.0973904044        0.0000000000
        0.1608643876        0.0000000000
        0.2243383707        0.0000000000
        0.2878123539        0.0000000000
        0.3512863371        0.0578770363
        0.4147603202        0.1391517433
        0.4782343034        0.1252108153
        0.5417082866        0.1629593481
        0.6051822698        0.2104306641
        0.6686562529        0.2617189895
        0.7321302361        0.3250146742
        0.7956042193        0.4240904613
        0.8590782024        0.5558596895
        0.9225521856        0.6741286753
        0.9860261688        0.8624550756
        1.0495001519        1.2546057007
        1.1129741351        1.2999808750
        1.1764481183        1.6910926099
        1.2399221015        2.4756796882
        1.3033960846        3.4686675939
        1.3668700678        6.5710659481
        1.4303440510       11.0966761445
        1.4938180341        9.4957269508
        1.5572920173        5.7704903298
        1.6207660005       12.5061933265
        1.6842399836       13.8634611014
        1.7477139668       13.5372362455
        1.8111879500       16.3878434584
        1.8746619332       14.8741244697
        1.9381359163       14.0209193900
        2.0016098995       12.8105546480
        2.0650838827        9.8439096594
        2.1285578658        6.6725182067
        2.1920318490        4.7942418784
        2.2555058322        5.0843422739
        2.3189798154        7.6280163306
        2.3824537985        9.5124691553
        2.4459277817        8.3794811600
        2.5094017649        5.9220659824
        2.5728757480        5.4656515497
        2.6363497312        8.8263170911
        2.6998237144        9.6582916774
        2.7632976975       11.4980626146
        2.8267716807        9.7228222196
        2.8902456639        1.8586649970
        2.9537196471        1.8538948880
        3.0171936302        1.4468417315
        3.0806676134        1.2616111806
        3.1441415966        1.2808316452
        3.2076155797        1.3596938704
        3.2710895629        1.6529014240
        3.3345635461        1.8386970724
        3.3980375292        2.0443997698
        3.4615115124        1.9372154544
        3.5249854956        2.5590038920
        3.5884594788        3.1461710166
        3.6519334619        2.3511147859
        3.7154074451        2.0883975765
        3.7788814283        1.8471699511
        3.8423554114        1.3808964143
        3.9058293946        7.1347789988
        3.9693033778       10.8214520029
        4.0327773610        1.7823365983
        4.0962513441        0.0000000000
        4.1597253273        1.3635820385
        4.2231993105       11.9957133178
        4.2866732936       10.4847058956
        4.3501472768        7.9770449122
        4.4136212600       12.8813780702
        4.4770952431        6.2303963254
        4.5405692263       14.6908979433
        4.6040432095       16.1620481042
        4.6675171927        4.4239653786
        4.7309911758        1.2138030707
        4.7944651590        0.0000000000
        4.8579391422        0.0000000000
        4.9214131253        0.0000000000
        4.9848871085        0.0000000000
        5.0483610917        0.0000000000
        5.1118350748        0.0000000000
        5.1753090580        0.0000000000
        5.2387830412       14.0455743373
        5.3022570244        0.0000000000
        5.3657310075        9.2165740043
        5.4292049907        5.6457590808
        5.4926789739        0.0000000000
        5.5561529570        0.0000000000
        5.6196269402        0.0000000000
        5.6831009234        0.0000000000
        5.7465749066        0.0000000000
        5.8100488897        0.0000000000
        5.8735228729        0.0000000000
        5.9369968561        0.0000000000
        6.0004708392        0.0000000000
        6.0639448224        0.0000000000
        6.1274188056        0.0000000000
        6.1908927887        0.0000000000
        6.2543667719        0.0000000000
        6.3178407551        0.0000000000
        6.3813147383        0.0000000000
        6.4447887214        0.0000000000
        6.5082627046        0.0000000000
        6.5717366878        0.0000000000
        6.6352106709        0.0000000000
        6.6986846541        0.0000000000
        6.7621586373        0.0000000000
        6.8256326204       15.6247621983
        6.8891066036        8.7495890706
        6.9525805868       12.1808181752
        7.0160545700       12.5312558693
        7.0795285531        5.0139758369
        7.1430025363        7.6956691097
        7.2064765195       10.3142058897
        7.2699505026        4.4458115704
        7.3334244858        5.5927853266
        7.3968984690        8.1432684503
        7.4603724521        6.2668616892
        7.5238464353        6.4974770513
        7.5873204185        5.3156033339
        7.6507944017        5.4485199391
        7.7142683848        9.0117432812
        7.7777423680        6.0582814344
        7.8412163512       11.3542652188
        7.9046903343       14.3854999756
        7.9681643175       12.7922023424
        8.0316383007        9.0454315580
        8.0951122839        5.6791006274
        8.1585862670       13.8200052363
        8.2220602502       10.6831532445
        8.2855342334       11.0409438435
        8.3490082165        7.8492027038
        8.4124821997        7.5139670147
        8.4759561829        5.0861905897
        8.5394301660        4.1366086271
        8.6029041492        0.3207947075
        8.6663781324        0.0000000000
        8.7298521156        0.0000000000
        8.7933260987        0.0000000000
        8.8568000819        0.0000000000
        8.9202740651        0.0000000000
        8.9837480482        0.0000000000
        9.0472220314        0.0000000000
        9.1106960146        0.0000000000
        9.1741699977        5.7426283414
        9.2376439809        5.4043083640
        9.3011179641        2.9200536132
        9.3645919473        1.2474328764
        9.4280659304        0.0000000000
        9.4915399136        0.0000000000
        9.5550138968        3.1226631413
        9.6184878799        5.8200730243
        9.6819618631        4.5645775633
        9.7454358463        2.0426327848
        9.8089098295        0.4903333254
        9.8723838126        1.5292167361
        9.9358577958        5.4523313780
        9.9993317790        5.9932570092
       10.0628057621        8.3291181072
       10.1262797453        8.4820445525
       10.1897537285        5.4539345143
       10.2532277116        4.1096796030
       10.3167016948        6.5399007666
       10.3801756780        2.4700595708
       10.4436496612        6.2429646768
       10.5071236443        4.6361022266
       10.5705976275        4.5913845565
       10.6340716107        4.0862235098
       10.6975455938        4.7456521595
       10.7610195770        3.3435417166
       10.8244935602        2.6001425764
       10.8879675433        0.6421052283
       10.9514415265        0.0000000000
       11.0149155097        0.0000000000
       11.0783894929        0.0000000000
       11.1418634760        0.0000000000
       11.2053374592        0.0000000000
       11.2688114424        0.0000000000
       11.3322854255        0.0000000000
       11.3957594087        0.0000000000
       11.4592333919        0.0000000000
       11.5227073751        0.0000000000
       11.5861813582        0.0000000000
       11.6496553414        0.0000000000
       11.7131293246        0.0000000000
       11.7766033077        0.0000000000
       11.8400772909        0.0000000000
       11.9035512741        0.0000000000
       11.9670252572        0.0000000000
