# Tetrahedron method
       -0.7418049984        0.0000000000
       -0.6796896011        0.0000000000
       -0.6175742039        0.0000000000
       -0.5554588066        0.0000000000
       -0.4933434094        0.0000000000
       -0.4312280121        0.0000000000
       -0.3691126148        0.0000000000
       -0.3069972176        0.0000000000
       -0.2448818203        0.0000000000
       -0.1827664231        0.0000000000
       -0.1206510258        0.0000000000
       -0.0585356286        0.0000000000
        0.0035797687        0.0000000000
        0.0656951659        0.0000000000
        0.1278105632        0.0000000000
        0.1899259604        0.0000000000
        0.2520413577        0.0000000000
        0.3141567549        0.0947935354
        0.3762721522        0.1423504128
        0.4383875494        0.1441321114
        0.5005029467        0.1920752751
        0.5626183439        0.2473178875
        0.6247337412        0.3023014323
        0.6868491385        0.3778287995
        0.7489645357        0.4707745435
        0.8110799330        0.6498422386
        0.8731953302        0.8257881840
        0.9353107275        1.0750315779
        0.9974261247        1.3513837415
        1.0595415220        1.9612694152
        1.1216569192        2.3758459305
        1.1837723165        4.5949996518
        1.2458877137        6.1170487072
        1.3080031110        7.0152521547
        1.3701185082        9.3783573909
        1.4322339055       11.5252346574
        1.4943493027       10.3337572225
        1.5564647000        8.9733180431
        1.6185800972       13.2429176872
        1.6806954945       14.2362330944
        1.7428108918       14.5583210318
        1.8049262890       13.4676612943
        1.8670416863       12.5507465322
        1.9291570835        9.6476305178
        1.9912724808        8.6109029569
        2.0533878780        7.3012645708
        2.1155032753        6.8899245662
        2.1776186725        5.6480164379
        2.2397340698        6.5294634232
        2.3018494670       10.8836359767
        2.3639648643        8.3530022077
        2.4260802615        7.0360292032
        2.4881956588        7.9368709847
        2.5503110560        5.2183645697
        2.6124264533       15.0501094748
        2.6745418505       14.0686832751
        2.7366572478        6.2741833352
        2.7987726451        4.1913018014
        2.8608880423        1.7504496814
        2.9230034396        1.3997444694
        2.9851188368        1.2560438502
        3.0472342341        1.2572501258
        3.1093496313        1.3078209297
        3.1714650286        1.5545403790
        3.2335804258        1.6189806437
        3.2956958231        1.8932413539
        3.3578112203        1.8740524184
        3.4199266176        1.9346501612
        3.4820420148        2.4874372772
        3.5441574121        2.5008447320
        3.6062728093        2.3191159341
        3.6683882066        2.0482419607
        3.7305036038        2.2032982700
        3.7926190011        2.0191114269
        3.8547343984        5.0560929204
        3.9168497956       16.7335299207
        3.9789651929       11.3898354945
        4.0410805901        0.0000000000
        4.1031959874        0.0000000000
        4.1653113846        3.1020042444
        4.2274267819       14.3853276906
        4.2895421791       10.9376459794
        4.3516575764        4.6026838861
        4.4137729736        5.4684251592
        4.4758883709        6.1413734600
        4.5380037681        8.4420071199
        4.6001191654       12.3774970110
        4.6622345626        2.8603615715
        4.7243499599        0.0000000000
        4.7864653571        0.0000000000
        4.8485807544        0.0000000000
        4.9106961517        0.0000000000
        4.9728115489        0.0000000000
        5.0349269462        0.0000000000
        5.0970423434        0.0000000000
        5.1591577407        8.7334226267
        5.2212731379       14.3415700390
        5.2833885352       11.1373855088
        5.3455039324       14.2264648399
        5.4076193297        6.9443421361
        5.4697347269        1.7528178438
        5.5318501242        0.0000000000
        5.5939655214        0.0000000000
        5.6560809187        0.0000000000
        5.7181963159        0.0000000000
        5.7803117132        0.0000000000
        5.8424271104        0.0000000000
        5.9045425077        0.0000000000
        5.9666579050        0.0000000000
        6.0287733022        0.0000000000
        6.0908886995        0.0000000000
        6.1530040967        0.0000000000
        6.2151194940        0.0000000000
        6.2772348912        0.0000000000
        6.3393502885        0.0000000000
        6.4014656857        0.0000000000
        6.4635810830        0.0000000000
        6.5256964802        0.0000000000
        6.5878118775        0.0000000000
        6.6499272747        5.1062176202
        6.7120426720        6.1057367355
        6.7741580692        7.4329934940
        6.8362734665       11.3228487809
        6.8983888637        6.7778628447
        6.9605042610       11.1305881398
        7.0226196583       10.4313785295
        7.0847350555        3.3330765952
        7.1468504528        5.2864597097
        7.2089658500        3.4081574998
        7.2710812473       12.4297097587
        7.3331966445        5.9583610735
        7.3953120418        5.0414622374
        7.4574274390        4.2911129210
        7.5195428363        4.1639176258
        7.5816582335        2.6725563366
        7.6437736308        9.5945866804
        7.7058890280        4.7057030214
        7.7680044253       14.5502888745
        7.8301198225        2.4051695024
        7.8922352198        6.9667996659
        7.9543506170        5.5285580734
        8.0164660143       16.4490679113
        8.0785814116       19.5570414983
        8.1406968088       23.2967417782
        8.2028122061        4.0781834908
        8.2649276033       11.1327819303
        8.3270430006        8.3869565968
        8.3891583978       11.5615244476
        8.4512737951        0.0000000000
        8.5133891923        0.0000000000
        8.5755045896        0.0000000000
        8.6376199868        0.0000000000
        8.6997353841        0.0000000000
        8.7618507813        0.0000000000
        8.8239661786        0.0000000000
        8.8860815758        0.0000000000
        8.9481969731        0.0000000000
        9.0103123703        0.0000000000
        9.0724277676        0.0000000000
        9.1345431649        0.0000000000
        9.1966585621        0.0000000000
        9.2587739594        0.0000000000
        9.3208893566        0.0000000000
        9.3830047539        3.4084202089
        9.4451201511       12.5838396769
        9.5072355484        0.0000000000
        9.5693509456        8.5956543488
        9.6314663429        6.5894011519
        9.6935817401        0.0000000000
        9.7556971374        0.0000000000
        9.8178125346        0.0000000000
        9.8799279319        8.0968060716
        9.9420433291        7.9260526311
       10.0041587264        6.0572964654
       10.0662741236        7.0139956342
       10.1283895209        5.8999657218
       10.1905049182        2.6908231540
       10.2526203154        3.3789203972
       10.3147357127        6.5379590050
       10.3768511099        3.9735094737
       10.4389665072       10.0659667979
       10.5010819044        6.2869951410
       10.5631973017        1.4916352919
       10.6253126989        0.7185520315
       10.6874280962        0.0000000000
       10.7495434934        0.0000000000
       10.8116588907        0.0000000000
       10.8737742879        0.0000000000
       10.9358896852        0.0000000000
       10.9980050824        0.0000000000
       11.0601204797        0.0000000000
       11.1222358769        0.0000000000
       11.1843512742        0.0000000000
       11.2464666715        0.0000000000
       11.3085820687        0.0000000000
       11.3706974660        0.0000000000
       11.4328128632        0.0000000000
       11.4949282605        0.0000000000
       11.5570436577        0.0000000000
       11.6191590550        0.0000000000
       11.6812744522        0.0000000000
