# Tetrahedron method
       -0.6478644946        0.0000000000
       -0.5907041703        0.0000000000
       -0.5335438459        0.0000000000
       -0.4763835216        0.0000000000
       -0.4192231972        0.0000000000
       -0.3620628729        0.0000000000
       -0.3049025485        0.0000000000
       -0.2477422242        0.0000000000
       -0.1905818998        0.0000000000
       -0.1334215755        0.0000000000
       -0.0762612511        0.0000000000
       -0.0191009268        0.0000000000
        0.0380593976        0.0000000000
        0.0952197219        0.0000000000
        0.1523800463        0.0000000000
        0.2095403706        0.0000000000
        0.2667006950        0.0000000000
        0.3238610194        0.0802373423
        0.3810213437        0.1373311293
        0.4381816681        0.1812926805
        0.4953419924        0.2113240873
        0.5525023168        0.2667748651
        0.6096626411        0.3353955630
        0.6668229655        0.4200868207
        0.7239832898        0.7182905211
        0.7811436142        0.7642043764
        0.8383039385        1.0158931606
        0.8954642629        1.2292994413
        0.9526245872        1.5214301046
        1.0097849116        1.9497092301
        1.0669452359        2.7728298823
        1.1241055603        5.5447884914
        1.1812658846        9.4380591839
        1.2384262090        7.9945864020
        1.2955865333       12.0424182629
        1.3527468577       10.5334660767
        1.4099071821       14.4517031830
        1.4670675064       12.1527909273
        1.5242278308       13.0421016079
        1.5813881551       16.0138218720
        1.6385484795       14.7633783631
        1.6957088038       13.6472108442
        1.7528691282       11.2003876945
        1.8100294525        7.5750384721
        1.8671897769        6.5079481449
        1.9243501012        8.7539173372
        1.9815104256        7.3501903696
        2.0386707499       10.0742192038
        2.0958310743        7.0342532937
        2.1529913986        8.7102842385
        2.2101517230        8.7997998475
        2.2673120473        8.5488571687
        2.3244723717       12.2333888140
        2.3816326961        9.0172336780
        2.4387930204       10.8496143905
        2.4959533448       14.7610884225
        2.5531136691        5.5941403384
        2.6102739935        1.7776852820
        2.6674343178        4.3881793871
        2.7245946422        1.4332614183
        2.7817549665        1.4758279438
        2.8389152909        1.2867993667
        2.8960756152        1.6608949491
        2.9532359396        1.4807765725
        3.0103962639        1.4894981219
        3.0675565883        1.5110491696
        3.1247169126        1.6215549600
        3.1818772370        1.6495872065
        3.2390375613        1.6772509569
        3.2961978857        1.9848133527
        3.3533582100        2.2071524121
        3.4105185344        2.7330200086
        3.4676788588        2.5337095402
        3.5248391831        2.6555652335
        3.5819995075        4.2188033116
        3.6391598318        4.6591513303
        3.6963201562        5.3962935993
        3.7534804805        7.5863991802
        3.8106408049        2.6959870431
        3.8678011292        3.5267898278
        3.9249614536        7.0161520730
        3.9821217779        6.3001409187
        4.0392821023        3.8284229874
        4.0964424266        6.4986830191
        4.1536027510       13.1225167591
        4.2107630753        6.4151738785
        4.2679233997       12.1902725097
        4.3250837240       14.5489150239
        4.3822440484        6.1736399340
        4.4394043727        2.6970864164
        4.4965646971        0.0308611972
        4.5537250215        0.0000000000
        4.6108853458        0.0000000000
        4.6680456702        0.0000000000
        4.7252059945        0.0000000000
        4.7823663189        0.0000000000
        4.8395266432       19.7290270865
        4.8966869676        0.0000000000
        4.9538472919       11.0998608738
        5.0110076163       21.1135112190
        5.0681679406       14.0685182380
        5.1253282650        5.2402125024
        5.1824885893        1.7547714010
        5.2396489137        0.0000000000
        5.2968092380        1.1544867520
        5.3539695624        8.6152683954
        5.4111298867       12.6413673951
        5.4682902111        8.0457392574
        5.5254505355       22.6937250876
        5.5826108598       22.0558323061
        5.6397711842        9.3084630378
        5.6969315085        5.8584506664
        5.7540918329        7.8660123923
        5.8112521572        0.0000000000
        5.8684124816       10.7479350388
        5.9255728059       12.5628481203
        5.9827331303        0.0000000000
        6.0398934546        0.0000000000
        6.0970537790        0.0000000000
        6.1542141033        0.0000000000
        6.2113744277        5.8331760097
        6.2685347520        6.0886285119
        6.3256950764        3.5895023588
        6.3828554007        0.5091779782
        6.4400157251        0.0000000000
        6.4971760494        0.0000000000
        6.5543363738        2.9812015883
        6.6114966982        5.4745599799
        6.6686570225        4.6873005311
        6.7258173469        8.0989342177
        6.7829776712        0.0000000000
        6.8401379956        0.6994338405
        6.8972983199        1.8762338072
        6.9544586443        2.5820013766
        7.0116189686        3.7394512611
        7.0687792930        5.0458883503
        7.1259396173        8.0808593037
        7.1830999417        7.4425586419
        7.2402602660       11.6601972041
        7.2974205904       15.1663959179
        7.3545809147        2.8309072647
        7.4117412391        7.4325132922
        7.4689015634        6.0447220545
        7.5260618878        2.0806630056
        7.5832222121        3.1696597740
        7.6403825365       12.1850742312
        7.6975428609        3.6884780051
        7.7547031852       20.6553422110
        7.8118635096        9.0617442340
        7.8690238339        9.0346136682
        7.9261841583        5.1681099756
        7.9833444826        6.7178651516
        8.0405048070        4.8609570531
        8.0976651313        0.0000000000
        8.1548254557        0.0000000000
        8.2119857800        0.0000000000
        8.2691461044        0.0000000000
        8.3263064287        0.0000000000
        8.3834667531        0.0000000000
        8.4406270774        0.0000000000
        8.4977874018        0.0000000000
        8.5549477261        0.0000000000
        8.6121080505        0.0000000000
        8.6692683748        0.0000000000
        8.7264286992        0.0000000000
        8.7835890236        0.0000000000
        8.8407493479        0.0000000000
        8.8979096723        0.0000000000
        8.9550699966        0.0000000000
        9.0122303210        0.0000000000
        9.0693906453        0.0000000000
        9.1265509697        0.0000000000
        9.1837112940        0.0000000000
        9.2408716184        0.0000000000
        9.2980319427        0.0000000000
        9.3551922671       10.7204980943
        9.4123525914        7.1089804914
        9.4695129158        3.0479805003
        9.5266732401        0.8997477534
        9.5838335645        0.4395401512
        9.6409938888        2.3214551510
        9.6981542132        8.4006009406
        9.7553145376        5.1809399223
        9.8124748619       15.8018110752
        9.8696351863        0.0000000000
        9.9267955106        0.0000000000
        9.9839558350        0.0000000000
       10.0411161593        0.0000000000
       10.0982764837        0.0000000000
       10.1554368080        0.0000000000
       10.2125971324        0.0000000000
       10.2697574567        0.0000000000
       10.3269177811        0.0000000000
       10.3840781054        0.0000000000
       10.4412384298        0.0000000000
       10.4983987541        0.0000000000
       10.5555590785        0.0000000000
       10.6127194028        0.0000000000
       10.6698797272        0.0000000000
       10.7270400515        0.0000000000
       10.7842003759        0.0000000000
