# Tetrahedron method
       -0.6385692725        0.0000000000
       -0.5824446899        0.0000000000
       -0.5263201073        0.0000000000
       -0.4701955247        0.0000000000
       -0.4140709421        0.0000000000
       -0.3579463594        0.0000000000
       -0.3018217768        0.0000000000
       -0.2456971942        0.0000000000
       -0.1895726116        0.0000000000
       -0.1334480290        0.0000000000
       -0.0773234464        0.0000000000
       -0.0211988637        0.0000000000
        0.0349257189        0.0000000000
        0.0910503015        0.0000000000
        0.1471748841        0.0000000000
        0.2032994667        0.0000000000
        0.2594240493        0.0000000000
        0.3155486320        0.0718947842
        0.3716732146        0.1549035405
        0.4277977972        0.1898984932
        0.4839223798        0.2483283065
        0.5400469624        0.3110565343
        0.5961715450        0.3874668888
        0.6522961277        0.4956363022
        0.7084207103        0.7323217266
        0.7645452929        0.8676870091
        0.8206698755        1.3061912363
        0.8767944581        1.2924655545
        0.9329190407        1.5507815291
        0.9890436234        2.0185877542
        1.0451682060        2.5496832795
        1.1012927886        4.3242746108
        1.1574173712        6.6039494158
        1.2135419538        9.4847120704
        1.2696665364       13.7128725071
        1.3257911191       11.0740737534
        1.3819157017       20.7175425613
        1.4380402843       20.3704183450
        1.4941648669       11.7188644748
        1.5502894495       15.5247739325
        1.6064140322       18.4678494135
        1.6625386148       15.1395980749
        1.7186631974       10.5094615941
        1.7747877800        7.8621840433
        1.8309123626        9.4858432467
        1.8870369452        7.7610513173
        1.9431615279        5.9181294759
        1.9992861105        6.4612170612
        2.0554106931       10.4914567416
        2.1115352757        9.9898067710
        2.1676598583        8.2373700260
        2.2237844409        8.1712643816
        2.2799090236        9.4553518766
        2.3360336062       10.5288120755
        2.3921581888        8.3894648505
        2.4482827714        8.6943320744
        2.5044073540        7.2952316159
        2.5605319366        2.7342622038
        2.6166565193        6.3390122186
        2.6727811019        2.0284176117
        2.7289056845        1.3571232459
        2.7850302671        1.3325684398
        2.8411548497        1.4415276153
        2.8972794323        1.4352274509
        2.9534040150        1.4565168442
        3.0095285976        1.4950286882
        3.0656531802        1.6419323912
        3.1217777628        1.5797312184
        3.1779023454        1.5898761230
        3.2340269280        1.7404327332
        3.2901515107        1.8650041179
        3.3462760933        2.6332270366
        3.4024006759        2.6075876558
        3.4585252585        2.6061538670
        3.5146498411        5.5882870848
        3.5707744237        5.7982303501
        3.6268990064        7.0120823807
        3.6830235890        5.1890663313
        3.7391481716        4.3264277413
        3.7952727542        3.1900160167
        3.8513973368        5.1363835296
        3.9075219194       12.4438055145
        3.9636465021        5.9216025284
        4.0197710847        6.3004640743
        4.0758956673        4.8201066039
        4.1320202499        5.7617711882
        4.1881448325        8.6890074471
        4.2442694151       10.2557473678
        4.3003939978        7.7891492602
        4.3565185804        3.5709570521
        4.4126431630        1.5767723814
        4.4687677456        0.8301164771
        4.5248923282        0.0000000000
        4.5810169108        0.0000000000
        4.6371414935        0.0000000000
        4.6932660761        3.0568634793
        4.7493906587       10.6584659442
        4.8055152413       15.2537558929
        4.8616398239        8.5345126811
        4.9177644065       27.6684451767
        4.9738889892        8.6002975980
        5.0300135718       14.3036101517
        5.0861381544       14.9821570647
        5.1422627370        0.0000000000
        5.1983873196        0.0000000000
        5.2545119022        2.3521984554
        5.3106364849       15.8558718534
        5.3667610675       13.0512071680
        5.4228856501        0.3897091729
        5.4790102327       11.8428858615
        5.5351348153       19.7965131077
        5.5912593979       29.5701762965
        5.6473839806        8.5185663040
        5.7035085632        4.0306040249
        5.7596331458        0.0000000000
        5.8157577284       20.0453510421
        5.8718823110       15.3504585473
        5.9280068936        6.3311087615
        5.9841314763        0.7064281535
        6.0402560589        0.0000000000
        6.0963806415        0.0000000000
        6.1525052241        0.0000000000
        6.2086298067        0.0000000000
        6.2647543893        0.0000000000
        6.3208789720        0.0000000000
        6.3770035546        0.0000000000
        6.4331281372        0.0000000000
        6.4892527198        0.0000000000
        6.5453773024        0.0000000000
        6.6015018850        0.0000000000
        6.6576264677        0.0000000000
        6.7137510503        0.0000000000
        6.7698756329        0.0000000000
        6.8260002155        0.0000000000
        6.8821247981        0.0000000000
        6.9382493807        0.0000000000
        6.9943739634        0.0000000000
        7.0504985460        2.5093985718
        7.1066231286       11.8027942827
        7.1627477112       20.3706688122
        7.2188722938        8.8292087897
        7.2749968765       12.7150929947
        7.3311214591        3.4977791167
        7.3872460417       10.2890039801
        7.4433706243        2.1624647512
        7.4994952069        0.0000000000
        7.5556197895        6.4904619482
        7.6117443722        5.0622234076
        7.6678689548        3.6859346372
        7.7239935374        4.7899715442
        7.7801181200        4.2704788807
        7.8362427026       13.3529725787
        7.8923672852        5.1837824034
        7.9484918679       18.4101799553
        8.0046164505        9.9504063469
        8.0607410331        0.0000000000
        8.1168656157        0.0000000000
        8.1729901983        0.0000000000
        8.2291147809        0.0000000000
        8.2852393636        0.0000000000
        8.3413639462        0.0000000000
        8.3974885288        0.0000000000
        8.4536131114        0.0000000000
        8.5097376940        0.0000000000
        8.5658622766        0.0000000000
        8.6219868593        0.0000000000
        8.6781114419        0.0000000000
        8.7342360245        0.0000000000
        8.7903606071        0.0000000000
        8.8464851897        0.0000000000
        8.9026097723        0.0000000000
        8.9587343550        0.0000000000
        9.0148589376        0.0000000000
        9.0709835202        0.0000000000
        9.1271081028        0.0000000000
        9.1832326854        0.0000000000
        9.2393572680        0.0000000000
        9.2954818507        0.0000000000
        9.3516064333        0.0000000000
        9.4077310159        0.0000000000
        9.4638555985        0.0000000000
        9.5199801811        7.1904069022
        9.5761047637       21.6813726269
        9.6322293464        4.4028915366
        9.6883539290        0.0000000000
        9.7444785116        0.0000000000
        9.8006030942        0.0000000000
        9.8567276768        0.0000000000
        9.9128522594        0.0000000000
        9.9689768421        0.0000000000
       10.0251014247        0.0000000000
       10.0812260073        0.0000000000
       10.1373505899        0.0000000000
       10.1934751725        0.0000000000
       10.2495997551        0.0000000000
       10.3057243378        0.0000000000
       10.3618489204        0.0000000000
       10.4179735030        0.0000000000
       10.4740980856        0.0000000000
       10.5302226682        0.0000000000
       10.5863472508        0.0000000000
